132 0 1
137 0 1
147 0 1
167 0 1
182 0 1
187 0 1
192 0 1
207 0 1
217 0 1
242 0 1
247 0 1
277 0 1
292 0 1
297 0 1
327 0 1
337 0 1
342 0 1
357 0 1
372 0 1
382 0 1
387 0 1
412 0 1
432 0 1
442 0 1
452 0 1
467 0 1
472 0 1
477 0 1
502 0 1
532 0 1
542 0 1
552 0 1
572 0 1
587 0 1
607 0 1
132 5 1
137 5 1
152 5 1
162 5 1
177 5 1
212 5 1
222 5 1
227 5 1
242 5 1
252 5 1
257 5 1
272 5 1
277 5 1
287 5 1
297 5 1
302 5 1
307 5 1
317 5 1
327 5 1
332 5 1
337 5 1
352 5 1
357 5 1
367 5 1
372 5 1
402 5 1
437 5 1
442 5 1
482 5 1
492 5 1
517 5 1
587 5 1
612 5 1
647 5 1
657 5 1
132 10 1
142 10 1
157 10 1
187 10 1
202 10 1
227 10 1
242 10 1
252 10 1
257 10 1
262 10 1
267 10 1
307 10 1
342 10 1
367 10 1
397 10 1
407 10 1
447 10 1
457 10 1
467 10 1
477 10 1
487 10 1
502 10 1
512 10 1
522 10 1
527 10 1
537 10 1
577 10 1
582 10 1
597 10 1
632 10 1
637 10 1
652 10 1
137 15 1
147 15 1
152 15 1
192 15 1
207 15 1
212 15 1
232 15 1
247 15 1
272 15 1
287 15 1
297 15 1
322 15 1
337 15 1
347 15 1
352 15 1
362 15 1
372 15 1
397 15 1
402 15 1
412 15 1
422 15 1
442 15 1
457 15 1
462 15 1
472 15 1
507 15 1
522 15 1
557 15 1
562 15 1
572 15 1
582 15 1
597 15 1
602 15 1
612 15 1
622 15 1
632 15 1
642 15 1
142 20 1
147 20 1
152 20 1
157 20 1
162 20 1
172 20 1
197 20 1
227 20 1
277 20 1
292 20 1
307 20 1
327 20 1
387 20 1
392 20 1
402 20 1
407 20 1
427 20 1
457 20 1
492 20 1
502 20 1
507 20 1
517 20 1
527 20 1
532 20 1
537 20 1
547 20 1
552 20 1
562 20 1
572 20 1
577 20 1
612 20 1
617 20 1
642 20 1
657 20 1
142 25 1
152 25 1
167 25 1
172 25 1
202 25 1
207 25 1
227 25 1
247 25 1
252 25 1
262 25 1
297 25 1
312 25 1
367 25 1
382 25 1
397 25 1
402 25 1
417 25 1
422 25 1
437 25 1
442 25 1
452 25 1
467 25 1
482 25 1
487 25 1
497 25 1
502 25 1
527 25 1
547 25 1
592 25 1
607 25 1
627 25 1
652 25 1
132 30 1
157 30 1
162 30 1
167 30 1
177 30 1
182 30 1
202 30 1
247 30 1
252 30 1
262 30 1
287 30 1
302 30 1
317 30 1
322 30 1
332 30 1
352 30 1
357 30 1
362 30 1
367 30 1
382 30 1
397 30 1
422 30 1
432 30 1
442 30 1
447 30 1
452 30 1
472 30 1
507 30 1
532 30 1
562 30 1
567 30 1
572 30 1
577 30 1
587 30 1
602 30 1
607 30 1
612 30 1
642 30 1
132 35 0
152 35 1
212 35 1
217 35 1
222 35 1
232 35 1
252 35 1
267 35 1
272 35 1
292 35 1
297 35 1
302 35 1
322 35 1
332 35 1
347 35 1
387 35 1
392 35 1
412 35 1
417 35 1
432 35 1
437 35 1
442 35 1
457 35 1
467 35 1
477 35 1
507 35 1
527 35 1
537 35 1
547 35 1
552 35 1
562 35 1
567 35 1
582 35 1
587 35 1
612 35 1
637 35 1
657 35 1
202 40 1
212 40 1
232 40 1
252 40 1
257 40 1
282 40 1
302 40 1
332 40 1
342 40 1
382 40 1
387 40 1
397 40 1
432 40 1
452 40 1
467 40 1
487 40 1
492 40 1
497 40 1
507 40 1
512 40 1
517 40 1
542 40 1
547 40 1
552 40 1
557 40 1
577 40 1
582 40 1
587 40 1
617 40 1
622 40 1
627 40 1
642 40 1
652 40 1
657 40 1
132 45 1
137 45 1
142 45 1
147 45 1
177 45 1
182 45 1
207 45 1
247 45 1
252 45 1
287 45 1
297 45 1
302 45 1
332 45 1
342 45 1
352 45 1
362 45 1
377 45 1
382 45 1
387 45 1
392 45 1
407 45 1
417 45 1
422 45 1
437 45 1
482 45 1
492 45 1
497 45 1
502 45 1
527 45 1
537 45 1
547 45 1
562 45 1
582 45 1
607 45 1
612 45 1
637 45 1
647 45 1
652 45 1
132 50 0
137 50 0
142 50 0
157 50 1
167 50 1
177 50 1
182 50 1
202 50 1
217 50 1
227 50 1
252 50 1
257 50 1
262 50 1
282 50 1
297 50 1
302 50 1
312 50 1
317 50 1
322 50 1
327 50 1
357 50 1
367 50 1
372 50 1
377 50 1
397 50 1
412 50 1
437 50 1
442 50 1
452 50 1
457 50 1
462 50 1
477 50 1
487 50 1
492 50 1
497 50 1
502 50 1
517 50 1
527 50 1
537 50 1
552 50 1
557 50 1
567 50 1
582 50 1
602 50 1
642 50 1
657 50 1
132 55 1
137 55 1
147 55 0
152 55 1
157 55 1
177 55 1
202 55 1
212 55 1
217 55 1
232 55 1
237 55 1
257 55 1
272 55 1
282 55 1
297 55 1
307 55 1
312 55 1
337 55 1
367 55 1
382 55 1
387 55 1
402 55 1
422 55 1
427 55 1
442 55 1
462 55 1
467 55 1
472 55 1
482 55 1
487 55 1
497 55 1
512 55 1
517 55 1
522 55 1
527 55 1
582 55 1
592 55 1
607 55 1
617 55 1
627 55 1
632 55 1
642 55 1
647 55 1
652 55 1
137 60 1
142 60 1
157 60 0
167 60 1
177 60 1
192 60 1
202 60 1
212 60 1
217 60 1
262 60 1
272 60 1
287 60 1
292 60 1
322 60 1
327 60 1
347 60 1
352 60 1
362 60 1
397 60 1
417 60 1
432 60 1
452 60 1
512 60 1
517 60 1
532 60 1
537 60 1
552 60 1
557 60 1
567 60 1
572 60 1
607 60 1
622 60 1
627 60 1
132 65 1
137 65 0
142 65 0
152 65 0
157 65 1
172 65 1
177 65 1
182 65 1
202 65 1
212 65 1
222 65 1
232 65 1
242 65 1
257 65 1
267 65 1
272 65 1
287 65 1
292 65 1
297 65 1
302 65 1
312 65 1
347 65 1
357 65 1
367 65 1
372 65 1
407 65 1
422 65 1
432 65 1
447 65 1
487 65 1
492 65 1
497 65 1
502 65 1
517 65 1
567 65 1
572 65 1
577 65 1
592 65 1
637 65 1
642 65 1
132 70 1
142 70 1
147 70 1
157 70 0
172 70 1
182 70 1
192 70 1
217 70 1
232 70 1
237 70 1
252 70 1
262 70 1
267 70 1
292 70 1
312 70 1
342 70 1
347 70 1
377 70 1
387 70 1
407 70 1
412 70 1
422 70 1
427 70 1
437 70 1
442 70 1
447 70 1
457 70 1
462 70 1
467 70 1
487 70 1
492 70 1
497 70 1
507 70 1
517 70 1
522 70 1
527 70 1
537 70 1
547 70 1
562 70 1
567 70 1
572 70 1
577 70 1
592 70 1
607 70 1
617 70 1
632 70 1
642 70 1
652 70 1
657 70 1
132 75 0
137 75 1
142 75 1
147 75 0
152 75 1
157 75 1
162 75 1
167 75 0
172 75 0
177 75 1
202 75 1
207 75 1
212 75 1
252 75 1
267 75 1
272 75 1
277 75 1
312 75 1
357 75 1
362 75 1
372 75 1
407 75 1
442 75 1
457 75 1
462 75 1
532 75 1
537 75 1
557 75 1
562 75 1
602 75 1
617 75 1
632 75 1
637 75 1
642 75 1
132 80 0
137 80 0
147 80 1
162 80 1
167 80 1
172 80 1
177 80 0
182 80 1
187 80 1
197 80 1
202 80 1
212 80 1
232 80 1
257 80 1
267 80 1
277 80 1
282 80 1
287 80 1
312 80 1
322 80 1
342 80 1
347 80 1
382 80 1
392 80 1
402 80 1
412 80 1
427 80 1
447 80 1
452 80 1
472 80 1
492 80 1
497 80 1
507 80 1
517 80 1
532 80 1
537 80 1
547 80 1
557 80 1
577 80 1
582 80 1
597 80 1
607 80 1
622 80 1
627 80 1
637 80 1
652 80 1
657 80 1
132 85 0
137 85 1
142 85 1
152 85 0
162 85 0
167 85 1
172 85 1
182 85 0
187 85 1
212 85 1
217 85 1
222 85 1
242 85 1
257 85 1
282 85 1
292 85 1
307 85 1
317 85 1
357 85 1
367 85 1
372 85 1
377 85 1
422 85 1
432 85 1
447 85 1
467 85 1
477 85 1
487 85 1
492 85 1
517 85 1
522 85 1
572 85 1
577 85 1
582 85 1
587 85 1
592 85 1
632 85 1
642 85 1
647 85 1
137 90 1
142 90 0
147 90 0
152 90 0
162 90 1
167 90 0
172 90 0
177 90 0
182 90 1
197 90 1
207 90 1
212 90 1
222 90 1
257 90 1
267 90 1
277 90 1
307 90 1
327 90 1
332 90 1
337 90 1
342 90 1
357 90 1
362 90 1
372 90 1
387 90 1
407 90 1
427 90 1
442 90 1
447 90 1
452 90 1
462 90 1
482 90 1
497 90 1
502 90 1
507 90 1
522 90 1
532 90 1
542 90 1
547 90 1
582 90 1
592 90 1
597 90 1
632 90 1
637 90 1
642 90 1
137 95 1
147 95 0
167 95 1
172 95 0
177 95 1
187 95 1
192 95 1
232 95 1
247 95 1
272 95 1
277 95 1
292 95 1
307 95 1
312 95 1
322 95 1
357 95 1
377 95 1
422 95 1
442 95 1
462 95 1
467 95 1
472 95 1
537 95 1
542 95 1
547 95 1
567 95 1
572 95 1
602 95 1
607 95 1
612 95 1
627 95 1
652 95 1
142 100 1
152 100 1
157 100 0
162 100 0
172 100 0
187 100 1
192 100 1
197 100 1
202 100 1
222 100 1
227 100 1
242 100 1
257 100 1
262 100 1
267 100 1
312 100 1
337 100 1
342 100 1
352 100 1
402 100 1
417 100 1
447 100 1
462 100 1
472 100 1
487 100 1
507 100 1
517 100 1
527 100 1
557 100 1
562 100 1
567 100 1
582 100 1
587 100 1
607 100 1
617 100 1
622 100 1
642 100 1
657 100 1
137 105 1
142 105 0
147 105 0
152 105 0
157 105 1
162 105 1
167 105 0
172 105 1
182 105 1
187 105 0
192 105 0
197 105 0
207 105 1
227 105 1
247 105 1
262 105 1
272 105 1
282 105 1
287 105 1
312 105 1
337 105 1
342 105 1
347 105 1
362 105 1
372 105 1
377 105 1
397 105 1
407 105 1
432 105 1
447 105 1
467 105 1
482 105 1
487 105 1
497 105 1
502 105 1
507 105 1
522 105 1
527 105 1
532 105 1
537 105 1
547 105 1
557 105 1
587 105 1
617 105 1
627 105 1
642 105 1
137 110 0
147 110 1
162 110 1
172 110 0
177 110 0
187 110 0
197 110 1
202 110 0
207 110 1
237 110 1
242 110 1
252 110 1
282 110 1
292 110 1
337 110 1
412 110 1
417 110 1
427 110 1
437 110 1
452 110 1
477 110 1
532 110 1
537 110 1
552 110 1
562 110 1
572 110 1
597 110 1
602 110 1
132 115 0
137 115 0
142 115 1
147 115 1
152 115 0
162 115 0
167 115 1
177 115 1
182 115 0
197 115 0
202 115 1
277 115 1
287 115 1
292 115 1
302 115 1
307 115 1
317 115 1
332 115 1
337 115 1
352 115 1
362 115 1
372 115 1
377 115 1
382 115 1
387 115 1
422 115 1
432 115 1
437 115 1
467 115 1
512 115 1
517 115 1
532 115 1
537 115 1
562 115 1
572 115 1
577 115 1
587 115 1
597 115 1
612 115 1
642 115 1
657 115 1
142 120 1
147 120 1
157 120 0
162 120 1
167 120 0
172 120 0
177 120 0
182 120 0
187 120 0
192 120 0
197 120 0
202 120 1
207 120 1
212 120 0
232 120 1
247 120 1
262 120 1
267 120 1
292 120 1
307 120 1
317 120 1
337 120 1
352 120 1
367 120 1
377 120 1
382 120 1
392 120 1
397 120 1
407 120 1
427 120 1
437 120 1
452 120 1
467 120 1
492 120 1
537 120 1
547 120 1
557 120 1
562 120 1
592 120 1
612 120 1
617 120 1
632 120 1
637 120 1
642 120 1
132 125 0
142 125 0
147 125 0
152 125 0
157 125 1
162 125 0
167 125 1
182 125 0
187 125 0
197 125 1
202 125 1
207 125 0
212 125 1
217 125 0
227 125 1
252 125 1
262 125 1
272 125 1
282 125 1
287 125 1
292 125 1
302 125 1
322 125 1
332 125 1
352 125 1
362 125 1
367 125 1
372 125 1
407 125 1
457 125 1
482 125 1
492 125 1
507 125 1
517 125 1
527 125 1
542 125 1
547 125 1
572 125 1
577 125 1
612 125 1
622 125 1
627 125 1
132 130 1
137 130 0
147 130 0
152 130 0
162 130 1
167 130 1
172 130 0
177 130 0
182 130 1
202 130 0
207 130 0
212 130 1
217 130 1
222 130 0
227 130 0
252 130 1
257 130 1
322 130 1
342 130 1
362 130 1
382 130 1
397 130 1
407 130 1
432 130 1
442 130 1
457 130 1
462 130 1
497 130 1
502 130 1
507 130 1
517 130 1
522 130 1
547 130 1
552 130 1
557 130 1
562 130 1
577 130 1
597 130 1
607 130 1
642 130 1
647 130 1
652 130 1
132 135 -1
137 135 0
147 135 1
157 135 1
167 135 1
172 135 0
177 135 1
182 135 1
187 135 1
197 135 1
202 135 1
207 135 0
217 135 0
222 135 1
237 135 1
242 135 1
257 135 1
267 135 1
277 135 1
297 135 1
302 135 1
307 135 1
322 135 1
327 135 1
337 135 1
347 135 1
352 135 1
362 135 1
392 135 1
397 135 1
407 135 1
412 135 1
417 135 1
427 135 1
432 135 1
437 135 1
442 135 1
452 135 1
477 135 1
487 135 1
492 135 1
507 135 1
517 135 1
537 135 1
542 135 1
552 135 1
562 135 1
567 135 1
582 135 1
612 135 1
622 135 1
647 135 1
132 140 -1
137 140 -1
147 140 0
152 140 0
162 140 1
167 140 1
172 140 0
197 140 0
207 140 1
212 140 0
222 140 0
227 140 1
232 140 0
237 140 1
257 140 1
267 140 1
272 140 1
282 140 1
297 140 1
302 140 1
317 140 1
322 140 1
357 140 1
382 140 1
392 140 1
397 140 1
402 140 1
427 140 1
447 140 1
452 140 1
457 140 1
467 140 1
472 140 1
477 140 1
482 140 1
497 140 1
512 140 1
522 140 1
532 140 1
542 140 1
547 140 1
552 140 1
562 140 1
572 140 1
587 140 1
592 140 1
612 140 1
627 140 1
652 140 1
132 145 -1
137 145 0
142 145 -1
152 145 0
157 145 1
162 145 1
167 145 1
177 145 1
182 145 1
187 145 1
197 145 1
207 145 1
212 145 1
217 145 0
222 145 0
227 145 1
237 145 0
242 145 1
257 145 1
282 145 1
292 145 1
317 145 1
347 145 1
352 145 1
357 145 1
382 145 1
402 145 1
407 145 1
412 145 1
422 145 1
432 145 1
442 145 1
472 145 1
477 145 1
487 145 1
497 145 1
502 145 1
507 145 1
527 145 1
532 145 1
587 145 1
592 145 1
597 145 1
612 145 1
617 145 1
627 145 1
632 145 1
637 145 1
652 145 1
142 150 0
157 150 0
162 150 0
182 150 0
197 150 0
212 150 0
217 150 1
227 150 1
237 150 0
242 150 0
262 150 1
282 150 1
287 150 1
302 150 1
387 150 1
392 150 1
402 150 1
412 150 1
432 150 1
437 150 1
442 150 1
452 150 1
467 150 1
497 150 1
532 150 1
537 150 1
542 150 1
582 150 1
587 150 1
632 150 1
642 150 1
132 155 0
147 155 -1
157 155 0
162 155 0
167 155 0
182 155 0
187 155 1
197 155 0
207 155 0
212 155 0
222 155 0
227 155 1
232 155 0
237 155 1
242 155 0
247 155 1
252 155 0
262 155 1
272 155 1
277 155 1
282 155 1
297 155 1
302 155 1
307 155 1
322 155 1
337 155 1
342 155 1
382 155 1
387 155 1
402 155 1
417 155 1
442 155 1
452 155 1
457 155 1
467 155 1
472 155 1
477 155 1
482 155 1
487 155 1
492 155 1
502 155 1
532 155 1
547 155 1
572 155 1
592 155 1
607 155 1
617 155 1
627 155 1
637 155 1
142 160 0
152 160 -1
162 160 1
167 160 0
172 160 0
177 160 1
182 160 1
187 160 1
192 160 0
212 160 0
217 160 1
227 160 1
232 160 0
267 160 1
297 160 1
302 160 1
307 160 1
312 160 1
327 160 1
352 160 1
367 160 1
372 160 1
377 160 1
382 160 1
387 160 1
407 160 1
427 160 1
452 160 1
462 160 1
472 160 1
517 160 1
527 160 1
532 160 1
537 160 1
542 160 1
547 160 1
557 160 1
562 160 1
582 160 1
587 160 1
592 160 1
602 160 1
612 160 1
627 160 1
642 160 1
137 165 -1
142 165 0
147 165 -1
157 165 -1
162 165 0
167 165 1
172 165 0
182 165 0
187 165 1
192 165 1
197 165 0
212 165 0
227 165 1
232 165 1
237 165 1
247 165 0
257 165 1
272 165 1
282 165 1
297 165 1
302 165 1
307 165 1
327 165 1
332 165 1
352 165 1
357 165 1
377 165 1
382 165 1
387 165 1
392 165 1
407 165 1
412 165 1
417 165 1
447 165 1
457 165 1
467 165 1
472 165 1
497 165 1
502 165 1
512 165 1
532 165 1
537 165 1
572 165 1
582 165 1
587 165 1
622 165 1
132 170 0
152 170 0
157 170 -1
167 170 0
177 170 0
182 170 1
197 170 1
202 170 1
207 170 0
217 170 1
222 170 1
227 170 1
232 170 1
237 170 0
252 170 0
257 170 0
262 170 1
267 170 0
362 170 1
367 170 1
372 170 1
387 170 1
392 170 1
407 170 1
417 170 1
442 170 1
482 170 1
492 170 1
517 170 1
532 170 1
552 170 1
557 170 1
567 170 1
597 170 1
622 170 1
647 170 1
137 175 0
142 175 -1
157 175 0
172 175 0
177 175 1
182 175 1
192 175 1
197 175 0
202 175 1
207 175 1
212 175 1
217 175 1
222 175 0
227 175 0
232 175 1
242 175 0
252 175 0
257 175 1
267 175 0
272 175 0
282 175 1
292 175 1
337 175 1
357 175 1
367 175 1
377 175 1
392 175 1
402 175 1
407 175 1
412 175 1
427 175 1
437 175 1
467 175 1
487 175 1
502 175 1
507 175 1
517 175 1
552 175 1
557 175 1
567 175 1
582 175 1
587 175 1
592 175 1
617 175 1
622 175 1
132 180 0
152 180 0
157 180 0
162 180 -1
172 180 0
177 180 0
182 180 0
187 180 1
192 180 0
202 180 1
207 180 0
217 180 1
222 180 1
227 180 0
242 180 0
252 180 0
257 180 1
272 180 0
277 180 1
282 180 1
297 180 1
302 180 1
312 180 1
322 180 1
387 180 1
397 180 1
407 180 1
422 180 1
437 180 1
442 180 1
447 180 1
462 180 1
492 180 1
497 180 1
502 180 1
527 180 1
532 180 1
537 180 1
562 180 1
577 180 1
612 180 1
622 180 1
627 180 1
642 180 1
647 180 1
132 185 0
137 185 0
157 185 -1
162 185 -1
172 185 0
177 185 -1
182 185 -1
192 185 0
197 185 0
202 185 1
207 185 1
212 185 1
217 185 0
222 185 1
227 185 1
232 185 0
237 185 0
257 185 1
272 185 0
287 185 1
302 185 1
307 185 1
317 185 1
327 185 1
332 185 1
357 185 1
362 185 1
387 185 1
392 185 1
432 185 1
447 185 1
472 185 1
497 185 1
532 185 1
542 185 1
552 185 1
567 185 1
577 185 1
587 185 1
592 185 1
617 185 1
642 185 1
142 190 0
152 190 0
162 190 0
172 190 -1
182 190 -1
192 190 1
197 190 0
212 190 1
217 190 1
237 190 1
242 190 1
247 190 1
257 190 0
267 190 0
272 190 0
277 190 1
287 190 0
292 190 1
302 190 1
317 190 1
322 190 1
337 190 1
357 190 1
362 190 1
372 190 1
407 190 1
427 190 1
447 190 1
452 190 1
457 190 1
467 190 1
472 190 1
487 190 1
492 190 1
497 190 1
527 190 1
537 190 1
557 190 1
567 190 1
577 190 1
582 190 1
592 190 1
597 190 1
607 190 1
632 190 1
642 190 1
132 195 0
137 195 0
142 195 0
147 195 0
152 195 -1
157 195 0
162 195 -1
172 195 -1
177 195 -1
182 195 -1
187 195 -1
202 195 0
212 195 1
217 195 1
222 195 0
232 195 1
242 195 0
247 195 1
257 195 0
262 195 1
287 195 1
292 195 1
297 195 1
312 195 1
317 195 1
327 195 1
342 195 1
362 195 1
372 195 1
387 195 1
397 195 1
407 195 1
417 195 1
427 195 1
432 195 1
437 195 1
452 195 1
472 195 1
507 195 1
512 195 1
517 195 1
522 195 1
527 195 1
637 195 1
647 195 1
652 195 1
657 195 1
132 200 0
137 200 0
142 200 0
147 200 -1
157 200 0
162 200 0
167 200 0
177 200 -1
187 200 0
192 200 0
197 200 -1
202 200 0
207 200 1
212 200 0
217 200 0
222 200 1
227 200 1
232 200 1
242 200 1
247 200 1
257 200 0
262 200 0
267 200 0
277 200 0
282 200 1
287 200 0
297 200 0
302 200 1
307 200 1
312 200 1
322 200 1
337 200 1
382 200 1
392 200 1
402 200 1
407 200 1
412 200 1
422 200 1
442 200 1
462 200 1
467 200 1
487 200 1
492 200 1
507 200 1
517 200 1
522 200 1
532 200 1
557 200 1
562 200 1
572 200 1
577 200 1
587 200 1
607 200 1
627 200 1
632 200 1
652 200 1
132 205 0
137 205 -1
142 205 -1
147 205 -1
152 205 -1
162 205 0
172 205 -1
177 205 -1
182 205 -1
187 205 -1
192 205 0
202 205 -1
207 205 1
217 205 0
222 205 0
227 205 1
232 205 0
247 205 1
252 205 1
257 205 0
262 205 1
267 205 0
272 205 1
277 205 1
287 205 1
292 205 1
297 205 1
302 205 1
327 205 1
342 205 1
347 205 1
392 205 1
402 205 1
407 205 1
412 205 1
437 205 1
442 205 1
467 205 1
472 205 1
492 205 1
537 205 1
562 205 1
567 205 1
577 205 1
617 205 1
627 205 1
632 205 1
652 205 1
657 205 1
132 210 0
137 210 0
142 210 -1
147 210 0
152 210 0
157 210 -1
167 210 -1
172 210 0
177 210 -1
182 210 -1
187 210 -1
197 210 -1
202 210 0
207 210 -1
212 210 1
217 210 0
222 210 0
232 210 1
237 210 1
247 210 0
252 210 1
257 210 0
262 210 1
267 210 1
272 210 0
277 210 1
282 210 1
292 210 0
297 210 1
307 210 1
317 210 1
352 210 1
387 210 1
407 210 1
412 210 1
432 210 1
462 210 1
497 210 1
507 210 1
512 210 1
517 210 1
522 210 1
537 210 1
542 210 1
567 210 1
597 210 1
602 210 1
612 210 1
622 210 1
627 210 1
632 210 1
642 210 1
132 215 0
137 215 0
152 215 -1
157 215 -1
162 215 -1
167 215 0
177 215 -1
182 215 -1
187 215 -1
202 215 0
207 215 0
217 215 0
222 215 1
227 215 0
237 215 1
242 215 0
257 215 0
262 215 0
267 215 1
277 215 1
282 215 1
297 215 1
302 215 0
312 215 0
317 215 1
322 215 1
342 215 1
352 215 1
362 215 1
407 215 1
417 215 1
432 215 1
437 215 1
447 215 1
452 215 1
457 215 1
467 215 1
472 215 1
477 215 1
482 215 1
497 215 1
507 215 1
567 215 1
577 215 1
582 215 1
587 215 1
632 215 1
652 215 1
132 220 -1
142 220 0
147 220 0
152 220 0
167 220 0
172 220 -1
177 220 0
187 220 -1
192 220 0
197 220 0
207 220 -1
212 220 0
222 220 0
227 220 1
232 220 0
237 220 1
247 220 1
252 220 1
257 220 1
267 220 1
277 220 0
282 220 0
287 220 1
292 220 0
297 220 0
307 220 1
312 220 1
317 220 1
352 220 1
367 220 1
397 220 1
412 220 1
417 220 1
432 220 1
437 220 1
477 220 1
497 220 1
542 220 1
547 220 1
562 220 1
567 220 1
587 220 1
592 220 1
597 220 1
602 220 1
612 220 1
617 220 1
632 220 1
132 225 0
147 225 0
152 225 -1
157 225 0
162 225 -1
167 225 -1
177 225 -1
182 225 0
187 225 -1
192 225 0
202 225 -1
207 225 0
212 225 0
217 225 0
222 225 -1
227 225 1
237 225 0
242 225 1
247 225 1
252 225 1
257 225 0
267 225 1
272 225 1
282 225 1
287 225 0
292 225 1
297 225 0
307 225 1
317 225 1
322 225 1
337 225 1
342 225 1
352 225 1
357 225 1
362 225 1
372 225 1
392 225 1
412 225 1
422 225 1
437 225 1
502 225 1
547 225 1
577 225 1
582 225 1
587 225 1
592 225 1
597 225 1
607 225 1
612 225 1
622 225 1
632 225 1
657 225 1
132 230 -1
137 230 -1
162 230 -1
172 230 -1
177 230 -1
182 230 0
192 230 0
197 230 -1
217 230 0
227 230 -1
232 230 0
237 230 1
242 230 1
247 230 0
267 230 0
277 230 0
287 230 1
292 230 1
297 230 1
307 230 1
312 230 0
317 230 1
322 230 0
342 230 1
402 230 1
427 230 1
432 230 1
437 230 1
457 230 1
477 230 1
497 230 1
517 230 1
532 230 1
542 230 1
547 230 1
552 230 1
587 230 1
597 230 1
602 230 1
612 230 1
642 230 1
137 235 0
142 235 0
152 235 0
157 235 -1
162 235 -1
167 235 -1
172 235 -1
182 235 -1
187 235 -1
192 235 -1
197 235 -1
207 235 0
217 235 -1
222 235 0
227 235 0
232 235 0
237 235 1
242 235 0
247 235 1
252 235 1
262 235 1
267 235 1
277 235 1
282 235 1
287 235 0
297 235 1
302 235 1
307 235 0
322 235 0
327 235 1
332 235 1
337 235 1
342 235 1
357 235 1
362 235 1
367 235 1
382 235 1
392 235 1
402 235 1
417 235 1
432 235 1
442 235 1
447 235 1
462 235 1
472 235 1
477 235 1
487 235 1
517 235 1
522 235 1
532 235 1
552 235 1
557 235 1
567 235 1
587 235 1
597 235 1
607 235 1
612 235 1
622 235 1
627 235 1
657 235 1
142 240 0
157 240 0
162 240 -1
167 240 0
177 240 0
187 240 0
197 240 -1
202 240 0
207 240 0
222 240 0
232 240 -1
237 240 -1
242 240 1
247 240 1
257 240 1
262 240 0
272 240 0
277 240 1
287 240 1
297 240 1
302 240 0
312 240 0
317 240 0
327 240 1
332 240 1
337 240 0
342 240 1
352 240 1
357 240 1
362 240 1
392 240 1
402 240 1
437 240 1
472 240 1
487 240 1
492 240 1
517 240 1
522 240 1
532 240 1
552 240 1
577 240 1
607 240 1
622 240 1
637 240 1
132 245 -1
137 245 -1
142 245 -1
147 245 0
152 245 0
157 245 -1
162 245 -1
167 245 -1
172 245 -1
177 245 0
182 245 -1
192 245 0
202 245 -1
207 245 -1
212 245 0
217 245 -1
222 245 0
227 245 -1
247 245 0
252 245 1
257 245 0
262 245 0
267 245 0
272 245 0
292 245 1
297 245 0
312 245 1
322 245 1
327 245 0
332 245 1
337 245 0
352 245 1
417 245 1
422 245 1
457 245 1
482 245 1
487 245 1
502 245 1
507 245 1
517 245 1
532 245 1
537 245 1
542 245 1
557 245 1
572 245 1
582 245 1
592 245 1
617 245 1
627 245 1
637 245 1
642 245 1
647 245 1
657 245 1
132 250 -1
162 250 0
167 250 0
172 250 -1
177 250 -1
182 250 0
187 250 -1
192 250 -1
197 250 -1
202 250 -1
207 250 -1
212 250 0
217 250 0
222 250 -1
227 250 -1
232 250 -1
237 250 -1
242 250 0
247 250 0
252 250 0
267 250 1
272 250 0
292 250 1
302 250 0
307 250 0
312 250 0
322 250 0
327 250 1
332 250 0
342 250 0
347 250 0
357 250 1
362 250 1
367 250 1
407 250 1
417 250 1
422 250 1
467 250 1
502 250 1
532 250 1
562 250 1
567 250 1
572 250 1
592 250 1
602 250 1
612 250 1
617 250 1
622 250 1
632 250 1
642 250 1
132 255 -1
152 255 -1
157 255 0
162 255 -1
167 255 0
177 255 0
182 255 0
187 255 -1
192 255 -1
202 255 0
207 255 0
217 255 -1
222 255 0
227 255 0
232 255 -1
242 255 0
262 255 1
267 255 1
277 255 1
287 255 0
292 255 1
297 255 1
302 255 1
312 255 1
317 255 1
322 255 0
327 255 1
332 255 0
337 255 1
342 255 1
352 255 1
387 255 1
392 255 1
417 255 1
427 255 1
432 255 1
437 255 1
447 255 1
457 255 1
482 255 1
487 255 1
497 255 1
512 255 1
517 255 1
532 255 1
537 255 1
582 255 1
587 255 1
607 255 1
632 255 1
647 255 1
652 255 1
142 260 -1
147 260 -1
162 260 -1
167 260 0
172 260 -1
177 260 -1
182 260 0
197 260 -1
202 260 -1
207 260 0
212 260 0
222 260 -1
227 260 -1
232 260 0
242 260 -1
252 260 -1
257 260 -1
267 260 0
272 260 1
277 260 1
282 260 1
292 260 1
297 260 0
302 260 1
307 260 1
312 260 1
317 260 1
332 260 1
337 260 1
347 260 1
352 260 0
372 260 1
387 260 1
392 260 1
427 260 1
432 260 1
467 260 1
487 260 1
492 260 1
502 260 1
522 260 1
542 260 1
562 260 1
582 260 1
587 260 1
597 260 1
622 260 1
632 260 1
652 260 1
142 265 -1
152 265 -1
157 265 -1
177 265 0
182 265 0
187 265 -1
197 265 0
207 265 0
212 265 0
217 265 -1
222 265 -1
227 265 -1
232 265 -1
237 265 0
242 265 -1
262 265 0
272 265 1
282 265 1
292 265 1
297 265 0
302 265 0
307 265 1
322 265 1
327 265 0
332 265 0
337 265 1
342 265 1
352 265 0
357 265 0
362 265 0
372 265 1
387 265 1
402 265 1
412 265 1
422 265 1
427 265 1
442 265 1
447 265 1
452 265 1
477 265 1
492 265 1
512 265 1
522 265 1
527 265 1
532 265 1
537 265 1
547 265 1
557 265 1
572 265 1
592 265 1
597 265 1
612 265 1
642 265 1
132 270 -1
142 270 -1
172 270 0
177 270 0
182 270 0
192 270 0
202 270 -1
207 270 -1
212 270 0
217 270 0
222 270 0
227 270 -1
232 270 -1
237 270 0
242 270 0
252 270 0
257 270 0
262 270 0
272 270 1
282 270 0
292 270 1
297 270 1
302 270 1
307 270 1
312 270 0
317 270 0
327 270 1
332 270 1
337 270 1
342 270 1
347 270 1
352 270 1
357 270 0
362 270 0
367 270 1
377 270 1
387 270 1
417 270 1
422 270 1
462 270 1
477 270 1
502 270 1
522 270 1
537 270 1
542 270 1
557 270 1
587 270 1
612 270 1
162 275 -1
167 275 -1
177 275 0
182 275 -1
197 275 -1
207 275 0
212 275 -1
222 275 0
227 275 0
232 275 -1
237 275 0
242 275 0
247 275 0
257 275 0
262 275 0
267 275 -1
272 275 -1
277 275 0
282 275 0
287 275 0
297 275 1
302 275 0
307 275 0
312 275 1
317 275 1
327 275 0
337 275 0
342 275 1
347 275 0
362 275 1
367 275 1
372 275 0
397 275 1
412 275 1
422 275 1
432 275 1
462 275 1
467 275 1
472 275 1
487 275 1
492 275 1
497 275 1
502 275 1
512 275 1
522 275 1
552 275 1
557 275 1
572 275 1
592 275 1
602 275 1
622 275 1
642 275 1
177 280 -1
187 280 0
197 280 -1
202 280 -1
207 280 -1
212 280 0
217 280 -1
237 280 0
242 280 0
247 280 0
252 280 0
257 280 -1
262 280 0
277 280 0
282 280 1
287 280 1
292 280 0
302 280 1
307 280 1
317 280 1
322 280 0
327 280 1
337 280 1
342 280 0
352 280 0
357 280 1
367 280 1
372 280 1
382 280 1
387 280 1
392 280 1
397 280 1
402 280 1
412 280 1
422 280 1
427 280 1
442 280 1
447 280 1
457 280 1
482 280 1
487 280 1
497 280 1
522 280 1
542 280 1
572 280 1
587 280 1
592 280 1
597 280 1
607 280 1
627 280 1
647 280 1
657 280 1
147 285 -1
152 285 -1
162 285 -1
202 285 0
212 285 0
222 285 0
227 285 0
237 285 0
242 285 -1
247 285 0
252 285 -1
257 285 0
262 285 0
267 285 -1
272 285 -1
277 285 -1
287 285 0
297 285 0
307 285 0
312 285 1
322 285 1
327 285 1
332 285 0
337 285 0
347 285 1
362 285 0
372 285 1
377 285 1
397 285 1
407 285 1
417 285 1
447 285 1
462 285 1
477 285 1
487 285 1
492 285 1
502 285 1
512 285 1
517 285 1
562 285 1
572 285 1
587 285 1
592 285 1
602 285 1
162 290 -1
167 290 -1
187 290 -1
192 290 -1
197 290 0
202 290 0
207 290 0
212 290 0
217 290 0
237 290 0
247 290 -1
252 290 0
257 290 0
262 290 0
267 290 0
272 290 0
277 290 0
282 290 0
287 290 -1
297 290 0
302 290 1
307 290 1
312 290 0
317 290 1
322 290 1
327 290 0
332 290 1
337 290 1
342 290 0
352 290 1
357 290 1
362 290 0
372 290 0
377 290 1
397 290 1
402 290 1
407 290 1
447 290 1
457 290 1
462 290 1
477 290 1
482 290 1
497 290 1
502 290 1
532 290 1
567 290 1
582 290 1
607 290 1
622 290 1
627 290 1
637 290 1
652 290 1
132 295 -1
137 295 -1
147 295 -1
157 295 -1
167 295 -1
172 295 -1
177 295 -1
187 295 -1
197 295 0
202 295 0
207 295 0
212 295 0
217 295 0
227 295 -1
237 295 0
242 295 -1
247 295 0
262 295 -1
272 295 0
277 295 -1
287 295 0
292 295 -1
297 295 0
302 295 0
322 295 0
332 295 0
337 295 1
347 295 0
357 295 1
362 295 0
367 295 1
382 295 1
392 295 0
397 295 1
422 295 1
442 295 1
452 295 1
467 295 1
482 295 1
492 295 1
527 295 1
532 295 1
537 295 1
547 295 1
552 295 1
577 295 1
597 295 1
612 295 1
617 295 1
622 295 1
652 295 1
657 295 1
142 300 -1
147 300 -1
167 300 -1
182 300 -1
187 300 -1
192 300 -1
202 300 0
207 300 -1
212 300 -1
222 300 -1
242 300 0
252 300 0
257 300 -1
262 300 -1
267 300 0
272 300 -1
277 300 0
287 300 -1
292 300 0
297 300 0
302 300 1
317 300 0
322 300 1
327 300 0
332 300 0
337 300 0
362 300 1
372 300 1
377 300 0
387 300 1
402 300 1
462 300 1
477 300 1
492 300 1
497 300 1
502 300 1
507 300 1
512 300 1
527 300 1
542 300 1
562 300 1
577 300 1
582 300 1
592 300 1
602 300 1
607 300 1
612 300 1
617 300 1
622 300 1
637 300 1
652 300 1
142 305 -1
147 305 -1
162 305 -1
177 305 -1
182 305 -1
207 305 0
212 305 -1
217 305 -1
222 305 0
227 305 -1
232 305 0
237 305 -1
247 305 0
252 305 0
257 305 -1
262 305 -1
267 305 0
282 305 -1
287 305 0
292 305 -1
297 305 -1
302 305 0
307 305 0
317 305 1
322 305 0
332 305 1
347 305 0
352 305 1
377 305 1
382 305 1
392 305 1
397 305 0
427 305 1
442 305 1
447 305 1
472 305 1
482 305 1
487 305 1
497 305 1
507 305 1
572 305 1
607 305 1
622 305 1
627 305 1
652 305 1
152 310 -1
182 310 -1
187 310 -1
222 310 -1
227 310 -1
242 310 0
252 310 0
262 310 0
272 310 0
277 310 0
287 310 -1
302 310 0
307 310 -1
322 310 1
332 310 1
337 310 1
342 310 1
352 310 0
357 310 1
362 310 0
367 310 1
372 310 1
382 310 0
387 310 1
392 310 1
397 310 1
402 310 1
407 310 1
417 310 1
447 310 1
477 310 1
492 310 1
502 310 1
512 310 1
537 310 1
552 310 1
562 310 1
572 310 1
587 310 1
597 310 1
607 310 1
622 310 1
627 310 1
632 310 1
657 310 1
132 315 -1
157 315 -1
202 315 -1
207 315 -1
222 315 -1
227 315 0
237 315 -1
242 315 0
252 315 -1
257 315 -1
262 315 0
272 315 -1
282 315 0
287 315 0
292 315 -1
297 315 0
302 315 0
307 315 -1
327 315 0
332 315 1
337 315 0
342 315 0
347 315 1
357 315 0
362 315 1
387 315 0
392 315 0
397 315 0
412 315 1
457 315 1
462 315 1
477 315 1
482 315 1
487 315 1
507 315 1
522 315 1
537 315 1
542 315 1
577 315 1
582 315 1
587 315 1
597 315 1
622 315 1
627 315 1
637 315 1
647 315 1
142 320 -1
187 320 -1
197 320 -1
207 320 -1
217 320 -1
222 320 0
232 320 -1
242 320 -1
247 320 0
252 320 -1
262 320 -1
267 320 0
272 320 -1
277 320 -1
282 320 -1
287 320 0
292 320 0
297 320 0
302 320 -1
307 320 0
312 320 -1
327 320 0
337 320 1
342 320 1
347 320 1
352 320 0
357 320 1
362 320 1
372 320 1
377 320 0
382 320 0
387 320 0
392 320 0
397 320 0
407 320 0
412 320 1
417 320 1
432 320 1
442 320 1
462 320 1
467 320 1
477 320 1
492 320 1
502 320 1
512 320 1
517 320 1
522 320 1
542 320 1
552 320 1
557 320 1
567 320 1
612 320 1
627 320 1
657 320 1
137 325 -1
157 325 -1
182 325 -1
187 325 -1
222 325 -1
227 325 -1
232 325 -1
242 325 0
252 325 0
257 325 -1
267 325 0
277 325 0
282 325 0
287 325 -1
292 325 -1
297 325 -1
302 325 0
307 325 0
317 325 0
322 325 -1
327 325 0
337 325 1
342 325 0
357 325 0
367 325 0
372 325 1
377 325 0
382 325 1
392 325 0
397 325 1
402 325 1
407 325 0
412 325 0
422 325 0
442 325 1
457 325 1
467 325 1
477 325 1
482 325 1
492 325 1
497 325 1
517 325 1
522 325 1
527 325 1
542 325 1
552 325 1
572 325 1
582 325 1
592 325 1
597 325 1
602 325 1
612 325 1
627 325 1
637 325 1
132 330 -1
147 330 -1
162 330 -1
172 330 -1
177 330 -1
187 330 -1
207 330 -1
212 330 -1
232 330 0
237 330 -1
242 330 -1
247 330 0
267 330 -1
277 330 -1
282 330 -1
292 330 -1
297 330 -1
302 330 0
307 330 0
332 330 0
342 330 1
347 330 1
352 330 1
357 330 0
362 330 0
367 330 1
387 330 0
392 330 1
397 330 0
407 330 0
412 330 0
417 330 1
422 330 1
432 330 1
437 330 1
442 330 1
477 330 1
482 330 1
487 330 1
507 330 1
512 330 1
532 330 1
542 330 1
547 330 1
552 330 1
587 330 1
137 335 -1
162 335 -1
167 335 -1
172 335 -1
197 335 -1
202 335 -1
207 335 -1
242 335 0
252 335 -1
257 335 0
262 335 -1
267 335 0
272 335 0
277 335 -1
282 335 -1
287 335 0
292 335 -1
297 335 -1
307 335 -1
312 335 -1
317 335 0
322 335 0
332 335 0
342 335 0
352 335 0
357 335 1
372 335 1
377 335 1
382 335 1
387 335 1
392 335 0
402 335 0
407 335 1
412 335 1
422 335 0
427 335 1
432 335 0
442 335 1
452 335 1
457 335 1
467 335 1
472 335 1
512 335 1
517 335 1
522 335 1
527 335 1
537 335 1
547 335 1
572 335 1
582 335 1
592 335 1
602 335 1
612 335 1
627 335 1
642 335 1
647 335 1
657 335 1
157 340 -1
177 340 -1
187 340 -1
202 340 -1
232 340 -1
252 340 -1
257 340 0
262 340 -1
267 340 -1
287 340 0
297 340 0
302 340 0
307 340 -1
317 340 -1
322 340 -1
327 340 0
332 340 -1
337 340 -1
342 340 1
347 340 1
352 340 0
357 340 1
362 340 0
367 340 1
372 340 1
377 340 1
397 340 1
402 340 1
407 340 0
412 340 0
422 340 0
427 340 1
437 340 1
467 340 1
472 340 1
492 340 1
502 340 1
527 340 1
577 340 1
582 340 1
592 340 1
602 340 1
622 340 1
627 340 1
632 340 1
647 340 1
652 340 1
152 345 -1
167 345 -1
187 345 -1
197 345 -1
202 345 -1
212 345 -1
242 345 -1
247 345 -1
267 345 -1
272 345 0
277 345 -1
282 345 -1
287 345 -1
297 345 -1
302 345 -1
307 345 -1
317 345 -1
322 345 0
327 345 -1
332 345 -1
337 345 0
347 345 1
352 345 0
357 345 0
362 345 0
372 345 0
382 345 0
387 345 1
392 345 1
397 345 0
402 345 1
407 345 1
412 345 0
417 345 0
422 345 0
427 345 1
432 345 0
437 345 1
442 345 0
497 345 1
517 345 1
522 345 1
547 345 1
552 345 1
557 345 1
567 345 1
582 345 1
597 345 1
642 345 1
657 345 1
142 350 -1
147 350 -1
187 350 -1
242 350 -1
247 350 -1
252 350 0
257 350 0
262 350 0
272 350 -1
277 350 -1
282 350 -1
287 350 -1
297 350 0
302 350 -1
312 350 -1
322 350 -1
332 350 0
337 350 0
342 350 0
352 350 1
357 350 1
367 350 0
377 350 0
392 350 1
407 350 0
412 350 1
417 350 0
432 350 1
442 350 1
457 350 1
462 350 1
517 350 1
542 350 1
552 350 1
607 350 1
612 350 1
627 350 1
142 355 -1
157 355 -1
172 355 -1
177 355 -1
202 355 -1
217 355 -1
227 355 -1
232 355 -1
247 355 -1
267 355 0
272 355 0
277 355 0
287 355 -1
302 355 0
317 355 0
327 355 -1
332 355 -1
337 355 -1
342 355 0
352 355 -1
362 355 0
367 355 1
372 355 0
377 355 1
382 355 1
387 355 0
392 355 1
397 355 1
407 355 1
412 355 1
417 355 1
427 355 1
432 355 0
442 355 0
447 355 0
452 355 1
457 355 1
462 355 1
467 355 1
487 355 1
527 355 1
537 355 1
552 355 1
592 355 1
612 355 1
622 355 1
627 355 1
632 355 1
642 355 1
647 355 1
652 355 1
152 360 -1
167 360 -1
177 360 -1
197 360 -1
207 360 -1
212 360 -1
227 360 -1
232 360 -1
252 360 -1
257 360 -1
262 360 -1
267 360 0
277 360 -1
282 360 0
292 360 0
297 360 0
307 360 0
312 360 -1
317 360 0
322 360 -1
327 360 0
332 360 0
337 360 0
347 360 -1
352 360 -1
372 360 0
382 360 0
397 360 1
407 360 1
417 360 0
422 360 0
442 360 1
452 360 0
457 360 0
462 360 1
507 360 1
517 360 1
562 360 1
572 360 1
582 360 1
607 360 1
642 360 1
142 365 -1
162 365 -1
172 365 -1
187 365 -1
192 365 -1
217 365 -1
257 365 -1
267 365 0
272 365 -1
277 365 0
282 365 0
292 365 0
307 365 -1
312 365 0
317 365 -1
322 365 0
327 365 0
332 365 -1
337 365 0
342 365 -1
347 365 0
352 365 0
362 365 -1
367 365 0
372 365 0
387 365 1
392 365 0
397 365 0
402 365 0
407 365 1
412 365 1
422 365 0
427 365 0
432 365 1
452 365 1
457 365 1
517 365 1
522 365 1
537 365 1
547 365 1
552 365 1
557 365 1
562 365 1
572 365 1
597 365 1
622 365 1
627 365 1
647 365 1
132 370 -1
142 370 -1
147 370 -1
177 370 -1
222 370 -1
252 370 -1
272 370 0
282 370 -1
292 370 -1
297 370 0
302 370 -1
317 370 0
322 370 0
327 370 -1
332 370 0
337 370 -1
342 370 0
347 370 0
362 370 0
372 370 1
377 370 1
382 370 1
387 370 0
397 370 0
402 370 0
407 370 1
417 370 0
422 370 1
427 370 0
432 370 1
437 370 0
452 370 1
457 370 0
462 370 0
467 370 1
477 370 1
487 370 1
507 370 1
517 370 1
522 370 1
537 370 1
552 370 1
572 370 1
602 370 1
612 370 1
617 370 1
632 370 1
137 375 -1
167 375 -1
172 375 -1
177 375 -1
212 375 -1
222 375 -1
247 375 -1
272 375 -1
282 375 0
287 375 0
297 375 0
302 375 -1
312 375 0
327 375 0
332 375 -1
337 375 -1
342 375 0
372 375 0
377 375 1
382 375 0
387 375 0
392 375 0
397 375 0
402 375 1
412 375 0
417 375 0
427 375 1
432 375 1
437 375 0
442 375 1
447 375 0
452 375 0
457 375 1
462 375 1
467 375 0
472 375 1
532 375 1
537 375 1
557 375 1
562 375 1
577 375 1
582 375 1
592 375 1
597 375 1
602 375 1
632 375 1
652 375 1
657 375 1
142 380 -1
152 380 -1
157 380 -1
177 380 -1
182 380 -1
222 380 -1
227 380 -1
232 380 -1
237 380 -1
242 380 -1
252 380 -1
267 380 -1
287 380 -1
292 380 0
297 380 -1
302 380 0
307 380 -1
312 380 0
317 380 0
322 380 -1
327 380 -1
337 380 0
342 380 -1
347 380 -1
352 380 -1
362 380 0
372 380 0
377 380 0
382 380 0
392 380 0
412 380 0
422 380 0
432 380 1
442 380 1
452 380 1
457 380 1
462 380 0
467 380 0
472 380 0
477 380 1
482 380 1
507 380 1
512 380 1
522 380 1
542 380 1
552 380 1
557 380 1
602 380 1
612 380 1
617 380 1
627 380 1
637 380 1
642 380 1
652 380 1
147 385 -1
162 385 -1
167 385 -1
177 385 -1
182 385 -1
192 385 -1
197 385 -1
212 385 -1
217 385 -1
227 385 -1
252 385 -1
257 385 -1
277 385 -1
282 385 -1
287 385 -1
292 385 -1
297 385 0
302 385 -1
307 385 -1
317 385 0
327 385 0
332 385 -1
337 385 -1
347 385 -1
352 385 -1
357 385 -1
367 385 0
372 385 0
382 385 -1
387 385 1
397 385 0
417 385 0
422 385 1
432 385 1
437 385 1
442 385 1
447 385 0
452 385 1
467 385 0
477 385 1
512 385 1
522 385 1
562 385 1
572 385 1
587 385 1
627 385 1
632 385 1
642 385 1
657 385 1
142 390 -1
152 390 -1
182 390 -1
222 390 -1
247 390 -1
257 390 -1
262 390 -1
272 390 -1
277 390 -1
302 390 -1
317 390 0
337 390 -1
342 390 0
357 390 0
362 390 0
377 390 0
382 390 0
402 390 1
407 390 0
412 390 0
427 390 0
432 390 1
437 390 0
452 390 1
457 390 0
467 390 0
472 390 0
477 390 0
517 390 1
542 390 1
557 390 1
567 390 1
587 390 1
592 390 1
607 390 1
622 390 1
627 390 1
647 390 1
167 395 -1
177 395 -1
182 395 -1
187 395 -1
192 395 -1
232 395 -1
252 395 -1
257 395 -1
297 395 -1
302 395 -1
307 395 -1
312 395 -1
322 395 0
327 395 -1
332 395 0
337 395 -1
342 395 -1
347 395 0
367 395 -1
372 395 -1
377 395 0
382 395 -1
387 395 0
402 395 1
407 395 0
412 395 0
422 395 0
427 395 0
437 395 1
442 395 1
447 395 1
457 395 0
467 395 1
472 395 1
477 395 1
507 395 1
527 395 1
532 395 1
547 395 1
557 395 1
567 395 1
577 395 1
592 395 1
597 395 1
652 395 1
657 395 1
137 400 -1
147 400 -1
152 400 -1
167 400 -1
172 400 -1
177 400 -1
187 400 -1
192 400 -1
197 400 -1
202 400 -1
207 400 -1
262 400 -1
267 400 -1
272 400 -1
282 400 -1
302 400 0
307 400 0
312 400 -1
317 400 -1
327 400 -1
337 400 0
342 400 -1
352 400 0
362 400 0
367 400 -1
372 400 -1
382 400 -1
387 400 0
392 400 0
402 400 0
407 400 1
417 400 0
422 400 0
427 400 1
437 400 1
442 400 1
452 400 1
457 400 1
462 400 0
467 400 0
477 400 0
487 400 0
492 400 1
497 400 1
502 400 1
512 400 1
522 400 1
537 400 1
587 400 1
617 400 1
627 400 1
632 400 1
637 400 1
642 400 1
652 400 1
657 400 1
132 405 -1
162 405 -1
167 405 -1
177 405 -1
192 405 -1
212 405 -1
257 405 -1
272 405 -1
277 405 -1
312 405 -1
317 405 -1
322 405 -1
327 405 0
337 405 0
362 405 0
367 405 -1
372 405 -1
377 405 0
387 405 0
392 405 0
397 405 0
407 405 0
412 405 1
432 405 0
437 405 1
442 405 0
457 405 1
462 405 0
477 405 1
482 405 0
487 405 1
492 405 0
497 405 1
502 405 1
512 405 1
522 405 1
527 405 1
537 405 1
542 405 1
547 405 1
572 405 1
577 405 1
582 405 1
587 405 1
612 405 1
627 405 1
647 405 1
657 405 1
137 410 -1
147 410 -1
182 410 -1
187 410 -1
197 410 -1
222 410 -1
262 410 -1
277 410 -1
297 410 -1
302 410 -1
312 410 -1
317 410 0
322 410 0
327 410 -1
332 410 -1
337 410 -1
342 410 -1
347 410 0
352 410 0
357 410 -1
367 410 -1
372 410 0
377 410 0
382 410 0
387 410 -1
392 410 0
402 410 0
407 410 -1
412 410 0
422 410 0
432 410 0
437 410 1
442 410 1
467 410 0
477 410 0
487 410 0
492 410 0
497 410 0
502 410 1
507 410 0
522 410 1
527 410 1
542 410 1
547 410 1
612 410 1
632 410 1
637 410 1
647 410 1
137 415 -1
152 415 -1
157 415 -1
182 415 -1
192 415 -1
202 415 -1
217 415 -1
222 415 -1
247 415 -1
272 415 -1
287 415 -1
292 415 -1
297 415 -1
302 415 -1
312 415 -1
317 415 0
322 415 0
337 415 -1
342 415 -1
347 415 0
357 415 -1
362 415 -1
382 415 -1
387 415 0
392 415 0
397 415 0
402 415 -1
407 415 0
412 415 0
422 415 0
427 415 0
432 415 1
442 415 0
447 415 0
462 415 1
472 415 0
477 415 1
482 415 1
497 415 0
502 415 1
512 415 0
522 415 1
537 415 1
552 415 1
577 415 1
642 415 1
652 415 1
657 415 1
132 420 -1
142 420 -1
147 420 -1
192 420 -1
197 420 -1
202 420 -1
227 420 -1
242 420 -1
252 420 -1
272 420 -1
277 420 -1
282 420 -1
297 420 -1
302 420 -1
307 420 -1
322 420 0
327 420 -1
337 420 0
347 420 0
352 420 -1
372 420 -1
382 420 0
392 420 -1
402 420 0
417 420 0
422 420 1
432 420 1
437 420 0
442 420 1
457 420 0
467 420 1
472 420 0
482 420 1
487 420 1
492 420 1
497 420 1
502 420 1
527 420 1
532 420 1
542 420 1
562 420 1
597 420 1
607 420 1
622 420 1
627 420 1
652 420 1
142 425 -1
182 425 -1
187 425 -1
197 425 -1
212 425 -1
217 425 -1
242 425 -1
257 425 -1
262 425 -1
282 425 -1
317 425 -1
327 425 -1
337 425 -1
342 425 -1
347 425 -1
357 425 0
362 425 -1
367 425 -1
372 425 0
382 425 0
387 425 0
392 425 0
397 425 -1
407 425 -1
422 425 0
427 425 1
432 425 0
437 425 0
442 425 0
447 425 0
452 425 0
462 425 1
467 425 0
472 425 1
477 425 1
487 425 1
497 425 1
502 425 1
517 425 0
522 425 0
532 425 1
542 425 1
547 425 1
557 425 1
582 425 1
602 425 1
617 425 1
627 425 1
632 425 1
652 425 1
147 430 -1
157 430 -1
162 430 -1
167 430 -1
177 430 -1
202 430 -1
217 430 -1
247 430 -1
257 430 -1
272 430 -1
282 430 -1
297 430 -1
307 430 -1
317 430 -1
322 430 -1
342 430 0
357 430 0
362 430 -1
367 430 0
372 430 0
377 430 0
382 430 -1
387 430 -1
392 430 0
397 430 -1
402 430 -1
407 430 0
417 430 -1
422 430 0
427 430 -1
437 430 0
442 430 0
457 430 0
462 430 0
477 430 0
482 430 0
487 430 1
497 430 0
502 430 1
507 430 0
512 430 0
527 430 1
542 430 1
547 430 1
557 430 1
562 430 1
572 430 1
587 430 1
597 430 1
607 430 1
627 430 1
632 430 1
657 430 1
147 435 -1
152 435 -1
162 435 -1
167 435 -1
182 435 -1
197 435 -1
202 435 -1
217 435 -1
252 435 -1
297 435 -1
302 435 -1
322 435 -1
327 435 -1
332 435 -1
337 435 -1
342 435 -1
347 435 -1
352 435 0
357 435 -1
362 435 -1
372 435 0
377 435 -1
382 435 -1
392 435 -1
402 435 0
407 435 -1
412 435 -1
417 435 -1
422 435 0
427 435 -1
442 435 1
462 435 1
467 435 0
472 435 1
477 435 1
487 435 0
492 435 1
497 435 0
502 435 0
507 435 1
512 435 1
517 435 0
522 435 0
527 435 0
547 435 1
592 435 1
612 435 1
622 435 1
627 435 1
637 435 1
642 435 1
132 440 -1
142 440 -1
152 440 -1
162 440 -1
172 440 -1
192 440 -1
197 440 -1
202 440 -1
207 440 -1
227 440 -1
232 440 -1
237 440 -1
252 440 -1
277 440 -1
282 440 -1
302 440 -1
332 440 -1
352 440 -1
357 440 -1
362 440 0
367 440 0
372 440 0
377 440 0
382 440 -1
387 440 0
392 440 -1
397 440 0
402 440 0
412 440 -1
417 440 -1
422 440 -1
427 440 -1
432 440 0
437 440 -1
442 440 1
462 440 0
467 440 0
472 440 0
482 440 1
487 440 1
492 440 1
497 440 1
502 440 0
507 440 1
512 440 0
517 440 0
522 440 0
527 440 0
532 440 1
537 440 0
542 440 1
547 440 1
587 440 1
592 440 1
607 440 1
622 440 1
642 440 1
647 440 1
142 445 -1
152 445 -1
167 445 -1
197 445 -1
207 445 -1
212 445 -1
222 445 -1
227 445 -1
242 445 -1
252 445 -1
262 445 -1
272 445 -1
282 445 -1
302 445 -1
307 445 -1
317 445 -1
327 445 -1
347 445 0
357 445 0
362 445 -1
372 445 0
382 445 -1
387 445 0
392 445 -1
397 445 0
402 445 -1
407 445 0
422 445 -1
427 445 -1
442 445 0
457 445 1
467 445 1
472 445 1
482 445 1
487 445 0
492 445 0
497 445 0
502 445 1
507 445 1
512 445 0
517 445 0
527 445 1
537 445 1
557 445 1
562 445 1
572 445 1
622 445 1
632 445 1
637 445 1
647 445 1
137 450 -1
147 450 -1
152 450 -1
187 450 -1
207 450 -1
212 450 -1
222 450 -1
227 450 -1
232 450 -1
257 450 -1
272 450 -1
292 450 -1
297 450 -1
302 450 -1
312 450 -1
317 450 -1
342 450 -1
352 450 0
357 450 -1
372 450 -1
377 450 -1
382 450 0
387 450 -1
392 450 0
397 450 0
402 450 -1
407 450 -1
412 450 0
417 450 -1
422 450 -1
427 450 -1
437 450 0
442 450 -1
447 450 0
452 450 0
457 450 1
462 450 0
472 450 0
477 450 0
482 450 1
487 450 0
492 450 0
502 450 0
512 450 0
517 450 1
522 450 1
527 450 1
532 450 0
547 450 0
552 450 1
567 450 1
572 450 1
577 450 1
607 450 1
132 455 -1
137 455 -1
157 455 -1
182 455 -1
207 455 -1
227 455 -1
232 455 -1
272 455 -1
277 455 -1
312 455 -1
317 455 -1
322 455 -1
337 455 -1
342 455 -1
347 455 -1
367 455 -1
372 455 0
377 455 0
387 455 0
392 455 -1
397 455 0
402 455 0
407 455 0
412 455 0
422 455 -1
437 455 -1
442 455 0
472 455 0
477 455 1
482 455 1
487 455 1
492 455 0
497 455 0
502 455 0
517 455 1
522 455 0
527 455 0
532 455 0
537 455 0
542 455 1
552 455 1
567 455 1
587 455 1
607 455 1
617 455 1
622 455 1
627 455 1
642 455 1
647 455 1
132 460 -1
147 460 -1
152 460 -1
167 460 -1
182 460 -1
192 460 -1
197 460 -1
212 460 -1
217 460 -1
222 460 -1
232 460 -1
287 460 -1
302 460 -1
307 460 -1
327 460 -1
357 460 -1
362 460 0
367 460 -1
377 460 -1
382 460 -1
387 460 -1
392 460 -1
397 460 -1
407 460 -1
412 460 -1
417 460 -1
422 460 -1
427 460 0
432 460 0
447 460 -1
457 460 -1
462 460 1
472 460 0
482 460 0
487 460 1
502 460 1
507 460 0
517 460 0
527 460 0
537 460 1
542 460 1
552 460 0
557 460 0
567 460 1
572 460 1
582 460 1
602 460 1
617 460 1
622 460 1
627 460 1
632 460 1
647 460 1
652 460 1
657 460 1
132 465 -1
152 465 -1
157 465 -1
167 465 -1
177 465 -1
182 465 -1
197 465 -1
202 465 -1
227 465 -1
232 465 -1
252 465 -1
262 465 -1
267 465 -1
277 465 -1
302 465 -1
307 465 -1
322 465 -1
327 465 -1
337 465 -1
352 465 -1
367 465 0
372 465 0
382 465 -1
387 465 -1
392 465 0
397 465 0
402 465 -1
407 465 -1
412 465 0
417 465 0
422 465 -1
427 465 -1
432 465 -1
447 465 0
467 465 0
477 465 1
482 465 0
492 465 1
497 465 0
502 465 0
507 465 1
512 465 0
527 465 0
532 465 0
542 465 1
547 465 0
552 465 0
562 465 0
567 465 1
572 465 1
597 465 1
602 465 1
612 465 1
632 465 1
642 465 1
647 465 1
652 465 1
657 465 1
152 470 -1
162 470 -1
177 470 -1
197 470 -1
212 470 -1
237 470 -1
252 470 -1
272 470 -1
292 470 -1
327 470 -1
337 470 -1
342 470 -1
347 470 -1
352 470 -1
362 470 -1
377 470 0
382 470 -1
397 470 -1
402 470 0
412 470 0
422 470 -1
427 470 0
437 470 0
442 470 -1
447 470 -1
457 470 -1
462 470 0
467 470 -1
477 470 1
482 470 0
487 470 1
502 470 0
512 470 1
517 470 1
527 470 0
542 470 1
552 470 1
557 470 0
562 470 1
582 470 1
597 470 1
612 470 1
632 470 1
132 475 -1
162 475 -1
167 475 -1
172 475 -1
202 475 -1
207 475 -1
212 475 -1
222 475 -1
227 475 -1
252 475 -1
262 475 -1
277 475 -1
287 475 -1
292 475 -1
297 475 -1
307 475 -1
312 475 -1
322 475 -1
332 475 -1
337 475 -1
342 475 -1
362 475 -1
377 475 0
382 475 -1
387 475 -1
392 475 0
407 475 -1
422 475 0
427 475 0
432 475 0
437 475 -1
442 475 0
447 475 0
457 475 0
462 475 0
467 475 0
472 475 0
482 475 0
487 475 0
492 475 0
507 475 0
512 475 1
517 475 0
527 475 0
532 475 1
537 475 0
542 475 1
547 475 1
557 475 1
562 475 1
567 475 1
572 475 0
577 475 1
582 475 1
622 475 1
627 475 1
642 475 1
647 475 1
652 475 1
132 480 -1
137 480 -1
152 480 -1
167 480 -1
172 480 -1
177 480 -1
182 480 -1
222 480 -1
227 480 -1
247 480 -1
257 480 -1
287 480 -1
302 480 -1
337 480 -1
342 480 -1
352 480 -1
367 480 -1
372 480 -1
382 480 0
387 480 0
392 480 0
397 480 -1
407 480 -1
412 480 -1
417 480 -1
422 480 0
437 480 -1
447 480 0
452 480 -1
462 480 -1
482 480 0
487 480 1
497 480 0
502 480 1
522 480 1
532 480 0
537 480 1
542 480 1
552 480 0
557 480 1
572 480 0
587 480 1
592 480 1
612 480 1
627 480 1
632 480 1
642 480 1
652 480 1
657 480 1
132 485 -1
137 485 -1
142 485 -1
172 485 -1
177 485 -1
207 485 -1
272 485 -1
292 485 -1
317 485 -1
322 485 -1
327 485 -1
332 485 -1
337 485 -1
347 485 -1
352 485 -1
357 485 -1
367 485 -1
372 485 -1
377 485 -1
387 485 -1
402 485 0
407 485 -1
412 485 0
422 485 -1
427 485 0
432 485 0
437 485 -1
442 485 -1
452 485 -1
462 485 0
467 485 -1
477 485 0
482 485 0
487 485 1
497 485 1
507 485 1
527 485 0
532 485 1
537 485 1
542 485 0
552 485 1
557 485 1
562 485 1
577 485 1
582 485 0
587 485 1
632 485 1
637 485 1
642 485 1
647 485 1
652 485 1
147 490 -1
157 490 -1
192 490 -1
202 490 -1
222 490 -1
232 490 -1
237 490 -1
272 490 -1
287 490 -1
292 490 -1
302 490 -1
322 490 -1
327 490 -1
367 490 -1
387 490 -1
392 490 0
397 490 0
402 490 -1
407 490 -1
412 490 0
417 490 0
422 490 -1
432 490 0
442 490 0
457 490 -1
462 490 0
467 490 -1
472 490 -1
477 490 0
482 490 0
487 490 0
492 490 0
497 490 0
502 490 1
507 490 0
512 490 0
517 490 0
532 490 1
537 490 1
542 490 0
547 490 1
552 490 0
557 490 1
562 490 0
567 490 1
572 490 1
582 490 1
587 490 0
602 490 1
617 490 1
622 490 1
132 495 -1
142 495 -1
147 495 -1
162 495 -1
167 495 -1
192 495 -1
297 495 -1
317 495 -1
322 495 -1
332 495 -1
347 495 -1
362 495 -1
377 495 -1
382 495 -1
392 495 -1
397 495 -1
402 495 0
407 495 -1
412 495 -1
417 495 0
422 495 0
432 495 0
437 495 -1
447 495 -1
457 495 0
462 495 0
467 495 0
472 495 0
477 495 -1
482 495 0
487 495 -1
492 495 0
497 495 1
517 495 0
522 495 1
532 495 0
537 495 1
542 495 0
547 495 0
552 495 0
557 495 0
567 495 0
572 495 0
592 495 1
597 495 1
602 495 1
612 495 1
617 495 1
652 495 1
137 500 -1
177 500 -1
182 500 -1
202 500 -1
207 500 -1
227 500 -1
232 500 -1
242 500 -1
247 500 -1
257 500 -1
267 500 -1
287 500 -1
307 500 -1
317 500 -1
322 500 -1
347 500 -1
352 500 -1
387 500 -1
407 500 0
422 500 0
432 500 0
437 500 -1
442 500 -1
447 500 0
457 500 -1
462 500 -1
467 500 -1
477 500 0
482 500 0
492 500 0
502 500 0
507 500 0
512 500 0
517 500 0
522 500 1
527 500 0
537 500 1
542 500 1
552 500 0
567 500 1
572 500 1
587 500 1
592 500 1
597 500 0
602 500 1
607 500 1
632 500 1
637 500 1
642 500 1
652 500 1
132 505 -1
137 505 -1
147 505 -1
157 505 -1
172 505 -1
202 505 -1
222 505 -1
227 505 -1
237 505 -1
247 505 -1
252 505 -1
267 505 -1
287 505 -1
322 505 -1
382 505 -1
387 505 -1
397 505 -1
407 505 0
412 505 0
417 505 0
457 505 -1
462 505 -1
482 505 -1
487 505 -1
492 505 0
497 505 0
502 505 -1
517 505 1
527 505 0
532 505 0
537 505 1
547 505 1
557 505 1
562 505 1
567 505 0
572 505 1
587 505 0
592 505 1
602 505 0
617 505 1
632 505 1
652 505 1
142 510 -1
152 510 -1
192 510 -1
197 510 -1
222 510 -1
247 510 -1
262 510 -1
272 510 -1
287 510 -1
292 510 -1
297 510 -1
302 510 -1
352 510 -1
382 510 -1
397 510 -1
402 510 -1
407 510 -1
412 510 0
417 510 0
422 510 -1
432 510 0
437 510 0
442 510 0
452 510 0
457 510 0
462 510 0
467 510 -1
472 510 0
477 510 0
482 510 0
502 510 -1
507 510 0
512 510 0
517 510 0
522 510 0
527 510 0
532 510 0
537 510 1
542 510 0
547 510 0
552 510 0
562 510 0
567 510 0
572 510 0
582 510 0
597 510 0
602 510 1
607 510 0
612 510 1
622 510 1
637 510 1
642 510 1
652 510 1
657 510 1
147 515 -1
162 515 -1
167 515 -1
192 515 -1
212 515 -1
237 515 -1
257 515 -1
282 515 -1
292 515 -1
307 515 -1
327 515 -1
332 515 -1
342 515 -1
357 515 -1
387 515 -1
392 515 -1
402 515 -1
407 515 -1
412 515 -1
422 515 0
427 515 -1
432 515 0
442 515 -1
447 515 0
457 515 -1
462 515 -1
477 515 0
482 515 0
497 515 0
502 515 0
507 515 -1
512 515 -1
517 515 1
532 515 1
537 515 1
547 515 1
552 515 1
557 515 0
562 515 0
567 515 1
572 515 1
577 515 1
582 515 0
587 515 1
592 515 1
597 515 0
602 515 1
607 515 1
632 515 1
642 515 1
132 520 -1
137 520 -1
157 520 -1
162 520 -1
167 520 -1
177 520 -1
197 520 -1
247 520 -1
262 520 -1
267 520 -1
272 520 -1
287 520 -1
292 520 -1
297 520 -1
307 520 -1
322 520 -1
357 520 -1
362 520 -1
377 520 -1
387 520 -1
392 520 -1
432 520 -1
437 520 0
447 520 0
457 520 -1
462 520 0
467 520 -1
477 520 0
482 520 -1
492 520 0
497 520 -1
502 520 -1
507 520 0
517 520 -1
527 520 1
537 520 1
542 520 0
547 520 1
552 520 0
562 520 0
567 520 1
572 520 1
577 520 1
587 520 1
592 520 1
597 520 1
602 520 0
607 520 0
612 520 1
617 520 0
632 520 1
142 525 -1
147 525 -1
167 525 -1
187 525 -1
192 525 -1
197 525 -1
202 525 -1
207 525 -1
212 525 -1
247 525 -1
257 525 -1
277 525 -1
282 525 -1
297 525 -1
302 525 -1
307 525 -1
327 525 -1
342 525 -1
377 525 -1
382 525 -1
397 525 -1
422 525 -1
427 525 0
432 525 0
437 525 -1
442 525 0
447 525 -1
452 525 0
457 525 0
462 525 -1
467 525 0
482 525 -1
487 525 -1
497 525 -1
502 525 -1
507 525 -1
517 525 -1
522 525 -1
527 525 1
532 525 1
547 525 0
552 525 1
562 525 1
567 525 0
582 525 1
587 525 1
592 525 1
597 525 1
602 525 1
622 525 0
627 525 1
647 525 1
137 530 -1
152 530 -1
157 530 -1
162 530 -1
197 530 -1
202 530 -1
207 530 -1
217 530 -1
237 530 -1
262 530 -1
272 530 -1
277 530 -1
282 530 -1
287 530 -1
297 530 -1
312 530 -1
317 530 -1
322 530 -1
327 530 -1
342 530 -1
347 530 -1
362 530 -1
387 530 -1
392 530 -1
407 530 -1
417 530 -1
432 530 0
442 530 0
447 530 0
467 530 0
482 530 -1
487 530 -1
492 530 0
502 530 -1
512 530 -1
517 530 0
532 530 1
537 530 0
552 530 1
562 530 0
567 530 1
572 530 0
577 530 1
587 530 0
597 530 0
612 530 0
622 530 1
632 530 1
152 535 -1
162 535 -1
167 535 -1
177 535 -1
227 535 -1
237 535 -1
252 535 -1
267 535 -1
272 535 -1
277 535 -1
282 535 -1
287 535 -1
297 535 -1
302 535 -1
312 535 -1
332 535 -1
357 535 -1
367 535 -1
377 535 -1
402 535 -1
422 535 -1
437 535 0
442 535 0
447 535 0
452 535 0
457 535 -1
462 535 0
472 535 0
477 535 0
492 535 0
497 535 -1
512 535 -1
517 535 -1
522 535 0
532 535 -1
537 535 1
542 535 0
557 535 0
567 535 1
572 535 0
577 535 1
582 535 0
587 535 0
592 535 1
597 535 0
602 535 0
607 535 1
622 535 0
627 535 1
647 535 1
152 540 -1
157 540 -1
167 540 -1
182 540 -1
192 540 -1
197 540 -1
207 540 -1
217 540 -1
242 540 -1
247 540 -1
252 540 -1
262 540 -1
267 540 -1
282 540 -1
292 540 -1
302 540 -1
312 540 -1
327 540 -1
342 540 -1
347 540 -1
352 540 -1
367 540 -1
372 540 -1
392 540 -1
397 540 -1
417 540 -1
427 540 -1
442 540 0
447 540 0
452 540 0
457 540 -1
467 540 -1
477 540 -1
482 540 -1
487 540 0
502 540 0
507 540 -1
512 540 0
527 540 0
532 540 -1
537 540 -1
547 540 1
552 540 0
557 540 0
562 540 1
567 540 1
572 540 1
577 540 1
582 540 0
587 540 1
607 540 1
617 540 0
632 540 1
642 540 1
647 540 1
652 540 1
147 545 -1
172 545 -1
177 545 -1
192 545 -1
197 545 -1
207 545 -1
217 545 -1
227 545 -1
237 545 -1
242 545 -1
252 545 -1
262 545 -1
287 545 -1
292 545 -1
312 545 -1
337 545 -1
357 545 -1
372 545 -1
377 545 -1
382 545 -1
392 545 -1
407 545 -1
412 545 -1
427 545 -1
442 545 -1
447 545 0
452 545 -1
457 545 0
467 545 0
472 545 -1
477 545 0
482 545 0
492 545 -1
497 545 -1
502 545 0
512 545 -1
517 545 -1
527 545 -1
532 545 0
537 545 0
547 545 0
557 545 1
567 545 0
577 545 0
582 545 1
587 545 1
592 545 1
597 545 1
602 545 0
607 545 0
612 545 0
617 545 1
632 545 1
637 545 0
657 545 1
157 550 -1
182 550 -1
192 550 -1
197 550 -1
212 550 -1
237 550 -1
252 550 -1
257 550 -1
262 550 -1
277 550 -1
287 550 -1
297 550 -1
307 550 -1
332 550 -1
337 550 -1
352 550 -1
382 550 -1
402 550 -1
407 550 -1
417 550 -1
452 550 -1
457 550 -1
462 550 0
477 550 0
487 550 0
492 550 -1
502 550 -1
512 550 0
517 550 0
522 550 -1
532 550 -1
542 550 -1
547 550 0
552 550 0
572 550 1
577 550 0
582 550 1
587 550 0
592 550 0
597 550 0
602 550 1
612 550 1
622 550 1
627 550 1
632 550 1
642 550 0
647 550 1
132 555 -1
152 555 -1
162 555 -1
172 555 -1
182 555 -1
207 555 -1
217 555 -1
237 555 -1
242 555 -1
247 555 -1
252 555 -1
257 555 -1
267 555 -1
292 555 -1
312 555 -1
327 555 -1
337 555 -1
342 555 -1
352 555 -1
377 555 -1
397 555 -1
407 555 -1
417 555 -1
422 555 -1
432 555 -1
452 555 -1
457 555 0
462 555 0
477 555 0
492 555 -1
497 555 0
502 555 0
507 555 0
517 555 -1
532 555 0
547 555 0
557 555 0
562 555 1
572 555 1
577 555 0
582 555 0
587 555 1
592 555 1
597 555 1
602 555 1
607 555 0
622 555 0
637 555 0
642 555 0
657 555 1
147 560 -1
172 560 -1
182 560 -1
192 560 -1
202 560 -1
222 560 -1
227 560 -1
252 560 -1
277 560 -1
312 560 -1
317 560 -1
322 560 -1
342 560 -1
357 560 -1
372 560 -1
382 560 -1
402 560 -1
412 560 -1
417 560 -1
447 560 -1
482 560 0
492 560 0
497 560 0
502 560 -1
507 560 0
522 560 -1
537 560 0
542 560 0
547 560 -1
552 560 -1
562 560 0
577 560 0
582 560 0
587 560 0
597 560 0
602 560 0
607 560 1
612 560 1
617 560 1
622 560 0
632 560 0
637 560 1
642 560 1
647 560 0
652 560 0
657 560 1
142 565 -1
167 565 -1
197 565 -1
222 565 -1
227 565 -1
252 565 -1
257 565 -1
292 565 -1
302 565 -1
312 565 -1
327 565 -1
352 565 -1
372 565 -1
377 565 -1
382 565 -1
387 565 -1
392 565 -1
402 565 -1
412 565 -1
417 565 -1
432 565 -1
452 565 -1
467 565 0
482 565 0
487 565 0
492 565 0
502 565 -1
507 565 -1
512 565 -1
522 565 -1
547 565 0
552 565 0
557 565 -1
567 565 0
572 565 1
582 565 0
587 565 0
592 565 1
597 565 1
602 565 1
607 565 0
627 565 1
632 565 1
637 565 0
647 565 0
652 565 1
657 565 1
152 570 -1
182 570 -1
192 570 -1
207 570 -1
222 570 -1
227 570 -1
242 570 -1
267 570 -1
277 570 -1
292 570 -1
297 570 -1
302 570 -1
322 570 -1
352 570 -1
357 570 -1
367 570 -1
372 570 -1
382 570 -1
392 570 -1
407 570 -1
442 570 -1
447 570 -1
457 570 -1
472 570 -1
477 570 -1
482 570 -1
492 570 0
497 570 -1
502 570 -1
507 570 -1
512 570 -1
527 570 -1
532 570 -1
537 570 -1
542 570 0
552 570 0
557 570 0
562 570 -1
572 570 0
582 570 0
592 570 0
597 570 0
602 570 0
607 570 0
612 570 1
617 570 0
622 570 1
627 570 1
632 570 0
642 570 0
657 570 0
142 575 -1
152 575 -1
157 575 -1
207 575 -1
227 575 -1
237 575 -1
257 575 -1
267 575 -1
282 575 -1
287 575 -1
292 575 -1
302 575 -1
312 575 -1
322 575 -1
332 575 -1
347 575 -1
377 575 -1
397 575 -1
402 575 -1
412 575 -1
417 575 -1
432 575 -1
457 575 -1
467 575 -1
477 575 0
482 575 -1
487 575 -1
492 575 0
497 575 0
502 575 0
507 575 0
512 575 0
517 575 0
522 575 -1
527 575 0
537 575 -1
547 575 -1
557 575 0
562 575 0
567 575 0
572 575 -1
582 575 0
602 575 0
607 575 1
612 575 1
622 575 0
627 575 0
632 575 0
637 575 0
642 575 1
647 575 0
652 575 0
142 580 -1
157 580 -1
162 580 -1
182 580 -1
192 580 -1
197 580 -1
212 580 -1
237 580 -1
242 580 -1
262 580 -1
267 580 -1
277 580 -1
287 580 -1
297 580 -1
312 580 -1
322 580 -1
367 580 -1
377 580 -1
387 580 -1
407 580 -1
412 580 -1
417 580 -1
422 580 -1
427 580 -1
432 580 -1
447 580 -1
457 580 -1
482 580 0
487 580 0
492 580 0
497 580 0
512 580 -1
532 580 -1
537 580 0
542 580 0
552 580 -1
557 580 -1
562 580 0
567 580 0
572 580 -1
577 580 -1
582 580 0
597 580 0
602 580 1
612 580 0
617 580 1
627 580 1
632 580 1
642 580 1
647 580 1
157 585 -1
227 585 -1
232 585 -1
267 585 -1
272 585 -1
292 585 -1
312 585 -1
322 585 -1
337 585 -1
372 585 -1
382 585 -1
387 585 -1
397 585 -1
402 585 -1
417 585 -1
432 585 -1
447 585 -1
452 585 -1
457 585 -1
462 585 -1
477 585 -1
487 585 0
492 585 0
507 585 0
512 585 0
517 585 0
522 585 -1
527 585 0
537 585 0
542 585 0
552 585 -1
562 585 0
567 585 0
572 585 0
577 585 -1
582 585 -1
587 585 1
592 585 0
607 585 1
617 585 1
627 585 0
637 585 0
647 585 1
132 590 -1
152 590 -1
157 590 -1
172 590 -1
182 590 -1
192 590 -1
197 590 -1
202 590 -1
207 590 -1
222 590 -1
227 590 -1
247 590 -1
252 590 -1
262 590 -1
267 590 -1
307 590 -1
312 590 -1
322 590 -1
327 590 -1
342 590 -1
347 590 -1
352 590 -1
367 590 -1
382 590 -1
387 590 -1
412 590 -1
417 590 -1
422 590 -1
432 590 -1
452 590 -1
457 590 -1
462 590 -1
492 590 0
497 590 0
507 590 0
512 590 0
517 590 -1
527 590 -1
532 590 -1
537 590 -1
542 590 0
547 590 -1
552 590 -1
557 590 -1
562 590 0
567 590 0
577 590 0
582 590 -1
587 590 0
597 590 0
607 590 1
617 590 1
622 590 1
632 590 0
637 590 0
642 590 0
647 590 0
652 590 0
657 590 1
142 595 -1
167 595 -1
177 595 -1
212 595 -1
247 595 -1
272 595 -1
292 595 -1
322 595 -1
337 595 -1
347 595 -1
352 595 -1
357 595 -1
377 595 -1
437 595 -1
442 595 -1
452 595 -1
482 595 -1
487 595 -1
492 595 -1
502 595 0
507 595 0
512 595 -1
517 595 0
527 595 -1
547 595 0
552 595 0
557 595 -1
572 595 0
577 595 0
582 595 -1
587 595 0
597 595 0
602 595 0
607 595 0
612 595 1
622 595 0
637 595 0
652 595 0
132 600 -1
142 600 -1
177 600 -1
202 600 -1
207 600 -1
212 600 -1
232 600 -1
247 600 -1
272 600 -1
282 600 -1
292 600 -1
297 600 -1
332 600 -1
342 600 -1
347 600 -1
352 600 -1
377 600 -1
412 600 -1
417 600 -1
422 600 -1
427 600 -1
432 600 -1
437 600 -1
442 600 -1
452 600 -1
472 600 -1
477 600 -1
482 600 -1
492 600 -1
502 600 0
507 600 -1
517 600 0
527 600 -1
537 600 -1
542 600 -1
547 600 -1
557 600 0
572 600 -1
577 600 -1
582 600 -1
587 600 -1
592 600 -1
597 600 0
607 600 0
612 600 1
617 600 1
622 600 0
627 600 1
632 600 0
637 600 1
642 600 0
657 600 1
142 605 -1
157 605 -1
162 605 -1
167 605 -1
172 605 -1
182 605 -1
197 605 -1
207 605 -1
232 605 -1
237 605 -1
242 605 -1
252 605 -1
257 605 -1
262 605 -1
277 605 -1
297 605 -1
307 605 -1
317 605 -1
352 605 -1
362 605 -1
377 605 -1
382 605 -1
427 605 -1
447 605 -1
467 605 -1
497 605 -1
512 605 0
517 605 0
527 605 -1
532 605 0
537 605 -1
552 605 0
557 605 0
562 605 0
577 605 -1
587 605 -1
592 605 -1
602 605 -1
607 605 1
612 605 0
622 605 1
627 605 0
632 605 0
637 605 0
642 605 1
652 605 1
657 605 0
132 610 -1
137 610 -1
142 610 -1
167 610 -1
177 610 -1
182 610 -1
197 610 -1
222 610 -1
232 610 -1
267 610 -1
272 610 -1
302 610 -1
327 610 -1
332 610 -1
342 610 -1
397 610 -1
407 610 -1
422 610 -1
457 610 -1
472 610 -1
477 610 -1
497 610 -1
512 610 -1
517 610 -1
522 610 0
532 610 0
537 610 -1
542 610 0
547 610 -1
562 610 -1
567 610 0
577 610 0
582 610 -1
587 610 0
592 610 0
597 610 -1
602 610 0
607 610 0
612 610 1
622 610 0
627 610 0
637 610 0
652 610 0
657 610 0
152 615 -1
162 615 -1
167 615 -1
172 615 -1
207 615 -1
212 615 -1
227 615 -1
242 615 -1
247 615 -1
252 615 -1
257 615 -1
282 615 -1
292 615 -1
297 615 -1
302 615 -1
312 615 -1
337 615 -1
352 615 -1
357 615 -1
362 615 -1
377 615 -1
392 615 -1
397 615 -1
402 615 -1
412 615 -1
422 615 -1
432 615 -1
442 615 -1
472 615 -1
492 615 -1
502 615 -1
512 615 -1
522 615 -1
527 615 -1
532 615 0
542 615 -1
547 615 0
552 615 -1
557 615 0
567 615 -1
572 615 -1
582 615 -1
587 615 0
592 615 0
597 615 0
607 615 -1
612 615 0
617 615 0
622 615 0
637 615 1
652 615 1
657 615 1
142 620 -1
147 620 -1
157 620 -1
162 620 -1
187 620 -1
192 620 -1
197 620 -1
227 620 -1
252 620 -1
262 620 -1
297 620 -1
307 620 -1
317 620 -1
342 620 -1
347 620 -1
367 620 -1
372 620 -1
397 620 -1
412 620 -1
417 620 -1
422 620 -1
432 620 -1
437 620 -1
467 620 -1
507 620 -1
517 620 -1
522 620 0
527 620 0
532 620 -1
542 620 -1
547 620 0
552 620 0
557 620 -1
567 620 0
577 620 0
582 620 -1
587 620 0
592 620 -1
597 620 0
602 620 0
607 620 0
612 620 0
617 620 0
622 620 0
627 620 0
632 620 1
637 620 1
642 620 1
652 620 0
657 620 1
137 625 -1
142 625 -1
162 625 -1
167 625 -1
212 625 -1
217 625 -1
252 625 -1
302 625 -1
317 625 -1
337 625 -1
347 625 -1
367 625 -1
377 625 -1
402 625 -1
417 625 -1
432 625 -1
442 625 -1
452 625 -1
457 625 -1
507 625 -1
532 625 0
542 625 0
547 625 -1
557 625 0
562 625 0
577 625 0
582 625 -1
592 625 -1
597 625 0
602 625 0
612 625 0
632 625 1
637 625 1
647 625 0
652 625 1
137 630 -1
147 630 -1
157 630 -1
202 630 -1
217 630 -1
222 630 -1
227 630 -1
232 630 -1
247 630 -1
252 630 -1
257 630 -1
262 630 -1
272 630 -1
282 630 -1
287 630 -1
292 630 -1
302 630 -1
307 630 -1
312 630 -1
327 630 -1
342 630 -1
357 630 -1
372 630 -1
377 630 -1
382 630 -1
412 630 -1
417 630 -1
427 630 -1
457 630 -1
462 630 -1
467 630 -1
477 630 -1
512 630 -1
537 630 0
547 630 -1
552 630 0
557 630 0
562 630 0
577 630 -1
587 630 0
597 630 0
602 630 0
617 630 -1
622 630 -1
627 630 -1
632 630 1
637 630 0
642 630 1
652 630 1
657 630 0
132 635 -1
157 635 -1
167 635 -1
182 635 -1
192 635 -1
227 635 -1
232 635 -1
257 635 -1
277 635 -1
312 635 -1
317 635 -1
342 635 -1
362 635 -1
387 635 -1
392 635 -1
412 635 -1
422 635 -1
432 635 -1
457 635 -1
462 635 -1
472 635 -1
482 635 -1
487 635 -1
512 635 -1
517 635 -1
532 635 -1
547 635 -1
552 635 -1
557 635 -1
562 635 0
567 635 0
577 635 0
582 635 -1
587 635 0
597 635 -1
607 635 0
612 635 -1
622 635 0
627 635 0
632 635 0
637 635 0
642 635 1
647 635 0
652 635 0
657 635 1
132 640 -1
137 640 -1
142 640 -1
157 640 -1
187 640 -1
192 640 -1
202 640 -1
212 640 -1
222 640 -1
242 640 -1
247 640 -1
252 640 -1
262 640 -1
277 640 -1
282 640 -1
287 640 -1
302 640 -1
322 640 -1
362 640 -1
372 640 -1
377 640 -1
387 640 -1
392 640 -1
412 640 -1
417 640 -1
447 640 -1
452 640 -1
457 640 -1
462 640 -1
472 640 -1
482 640 -1
497 640 -1
512 640 -1
547 640 -1
557 640 -1
562 640 0
567 640 0
577 640 0
587 640 -1
592 640 0
607 640 0
612 640 -1
617 640 0
622 640 -1
627 640 0
632 640 0
637 640 0
642 640 1
647 640 1
652 640 0
157 645 -1
162 645 -1
172 645 -1
192 645 -1
197 645 -1
202 645 -1
222 645 -1
242 645 -1
252 645 -1
257 645 -1
292 645 -1
307 645 -1
342 645 -1
367 645 -1
382 645 -1
402 645 -1
407 645 -1
487 645 -1
497 645 -1
507 645 -1
522 645 -1
537 645 -1
542 645 -1
552 645 0
557 645 0
562 645 -1
567 645 -1
577 645 0
587 645 -1
592 645 -1
597 645 0
602 645 0
612 645 0
617 645 0
622 645 -1
632 645 -1
637 645 -1
642 645 0
647 645 1
657 645 0
132 650 -1
142 650 -1
157 650 -1
182 650 -1
187 650 -1
197 650 -1
207 650 -1
227 650 -1
232 650 -1
267 650 -1
277 650 -1
297 650 -1
307 650 -1
347 650 -1
357 650 -1
382 650 -1
387 650 -1
392 650 -1
397 650 -1
412 650 -1
417 650 -1
422 650 -1
427 650 -1
457 650 -1
482 650 -1
502 650 -1
512 650 -1
532 650 -1
537 650 -1
547 650 -1
552 650 -1
557 650 -1
562 650 0
567 650 -1
572 650 -1
577 650 -1
582 650 -1
587 650 -1
592 650 0
597 650 0
602 650 0
607 650 -1
612 650 -1
617 650 -1
622 650 -1
632 650 -1
647 650 0
657 650 0
137 655 -1
142 655 -1
187 655 -1
202 655 -1
207 655 -1
212 655 -1
227 655 -1
247 655 -1
262 655 -1
277 655 -1
282 655 -1
287 655 -1
292 655 -1
307 655 -1
332 655 -1
337 655 -1
352 655 -1
397 655 -1
412 655 -1
442 655 -1
452 655 -1
472 655 -1
487 655 -1
497 655 -1
507 655 -1
512 655 -1
532 655 -1
557 655 -1
567 655 -1
572 655 -1
577 655 0
582 655 0
587 655 0
592 655 -1
597 655 0
602 655 0
617 655 0
627 655 -1
632 655 0
637 655 0
642 655 0
647 655 -1
657 655 1
132 660 -1
137 660 -1
142 660 -1
162 660 -1
177 660 -1
182 660 -1
187 660 -1
212 660 -1
222 660 -1
232 660 -1
242 660 -1
272 660 -1
277 660 -1
287 660 -1
297 660 -1
302 660 -1
317 660 -1
352 660 -1
382 660 -1
387 660 -1
402 660 -1
427 660 -1
442 660 -1
457 660 -1
472 660 -1
492 660 -1
502 660 -1
512 660 -1
522 660 -1
532 660 -1
562 660 0
567 660 -1
577 660 0
582 660 -1
587 660 -1
592 660 -1
597 660 -1
602 660 0
607 660 -1
612 660 -1
617 660 -1
622 660 -1
627 660 -1
632 660 -1
637 660 0
647 660 -1
652 660 0
132 665 -1
137 665 -1
142 665 -1
147 665 -1
167 665 -1
177 665 -1
212 665 -1
217 665 -1
252 665 -1
262 665 -1
297 665 -1
302 665 -1
307 665 -1
312 665 -1
332 665 -1
342 665 -1
352 665 -1
357 665 -1
372 665 -1
397 665 -1
427 665 -1
452 665 -1
457 665 -1
467 665 -1
497 665 -1
512 665 -1
517 665 -1
527 665 -1
532 665 -1
562 665 -1
572 665 -1
577 665 0
582 665 0
597 665 0
602 665 0
612 665 -1
617 665 -1
622 665 0
627 665 -1
632 665 -1
647 665 -1
652 665 0
657 665 0
137 670 -1
147 670 -1
152 670 -1
162 670 -1
167 670 -1
187 670 -1
192 670 -1
202 670 -1
207 670 -1
212 670 -1
222 670 -1
227 670 -1
237 670 -1
247 670 -1
267 670 -1
282 670 -1
302 670 -1
317 670 -1
322 670 -1
327 670 -1
357 670 -1
367 670 -1
372 670 -1
392 670 -1
407 670 -1
412 670 -1
427 670 -1
437 670 -1
452 670 -1
467 670 -1
472 670 -1
487 670 -1
492 670 -1
497 670 -1
527 670 -1
542 670 -1
547 670 -1
562 670 -1
572 670 -1
577 670 0
587 670 -1
592 670 -1
597 670 0
602 670 0
617 670 0
622 670 0
627 670 0
632 670 -1
637 670 0
642 670 0
647 670 0
652 670 -1
657 670 -1
152 675 -1
167 675 -1
207 675 -1
212 675 -1
217 675 -1
232 675 -1
237 675 -1
242 675 -1
257 675 -1
267 675 -1
292 675 -1
297 675 -1
302 675 -1
307 675 -1
312 675 -1
322 675 -1
337 675 -1
382 675 -1
392 675 -1
402 675 -1
412 675 -1
427 675 -1
432 675 -1
457 675 -1
497 675 -1
507 675 -1
517 675 -1
542 675 -1
547 675 -1
552 675 -1
557 675 -1
572 675 -1
587 675 0
592 675 -1
597 675 -1
607 675 0
617 675 -1
622 675 0
627 675 -1
637 675 -1
642 675 -1
647 675 -1
652 675 0
657 675 -1
132 680 -1
147 680 -1
152 680 -1
167 680 -1
172 680 -1
177 680 -1
187 680 -1
192 680 -1
197 680 -1
202 680 -1
207 680 -1
237 680 -1
242 680 -1
247 680 -1
252 680 -1
277 680 -1
302 680 -1
307 680 -1
322 680 -1
332 680 -1
337 680 -1
347 680 -1
372 680 -1
392 680 -1
397 680 -1
407 680 -1
417 680 -1
427 680 -1
437 680 -1
467 680 -1
472 680 -1
482 680 -1
487 680 -1
502 680 -1
507 680 -1
522 680 -1
537 680 -1
542 680 -1
547 680 -1
592 680 -1
607 680 0
612 680 -1
622 680 0
627 680 -1
632 680 -1
637 680 -1
642 680 0
647 680 0
657 680 -1
137 685 -1
147 685 -1
157 685 -1
162 685 -1
182 685 -1
187 685 -1
212 685 -1
227 685 -1
252 685 -1
257 685 -1
267 685 -1
282 685 -1
292 685 -1
307 685 -1
312 685 -1
322 685 -1
337 685 -1
357 685 -1
367 685 -1
377 685 -1
387 685 -1
412 685 -1
422 685 -1
442 685 -1
452 685 -1
462 685 -1
467 685 -1
482 685 -1
537 685 -1
552 685 -1
557 685 -1
582 685 -1
587 685 0
592 685 -1
597 685 -1
602 685 0
612 685 -1
617 685 0
622 685 0
632 685 -1
637 685 -1
642 685 -1
647 685 -1
137 690 -1
142 690 -1
162 690 -1
172 690 -1
182 690 -1
207 690 -1
212 690 -1
227 690 -1
242 690 -1
247 690 -1
287 690 -1
302 690 -1
327 690 -1
337 690 -1
357 690 -1
362 690 -1
372 690 -1
392 690 -1
397 690 -1
412 690 -1
427 690 -1
432 690 -1
452 690 -1
472 690 -1
492 690 -1
507 690 -1
512 690 -1
522 690 -1
537 690 -1
557 690 -1
577 690 -1
592 690 0
597 690 -1
602 690 -1
607 690 0
617 690 -1
627 690 0
632 690 0
642 690 0
647 690 -1
652 690 0
657 690 0
132 695 -1
167 695 -1
177 695 -1
182 695 -1
197 695 -1
212 695 -1
237 695 -1
262 695 -1
267 695 -1
272 695 -1
277 695 -1
292 695 -1
297 695 -1
332 695 -1
342 695 -1
367 695 -1
372 695 -1
382 695 -1
387 695 -1
452 695 -1
457 695 -1
462 695 -1
467 695 -1
512 695 -1
517 695 -1
522 695 -1
527 695 -1
532 695 -1
542 695 -1
547 695 -1
552 695 -1
562 695 -1
577 695 -1
582 695 -1
592 695 -1
597 695 0
602 695 -1
607 695 0
612 695 0
622 695 0
627 695 0
637 695 -1
642 695 -1
647 695 -1
657 695 -1
132 700 -1
142 700 -1
147 700 -1
157 700 -1
162 700 -1
167 700 -1
172 700 -1
177 700 -1
197 700 -1
207 700 -1
232 700 -1
252 700 -1
262 700 -1
272 700 -1
297 700 -1
322 700 -1
327 700 -1
332 700 -1
342 700 -1
357 700 -1
387 700 -1
402 700 -1
457 700 -1
462 700 -1
467 700 -1
477 700 -1
497 700 -1
507 700 -1
512 700 -1
517 700 -1
532 700 -1
547 700 -1
552 700 -1
572 700 -1
587 700 -1
597 700 -1
602 700 0
607 700 0
612 700 0
617 700 0
622 700 -1
632 700 -1
647 700 -1
652 700 0
132 705 -1
142 705 -1
147 705 -1
157 705 -1
192 705 -1
202 705 -1
232 705 -1
237 705 -1
257 705 -1
272 705 -1
317 705 -1
322 705 -1
332 705 -1
337 705 -1
342 705 -1
367 705 -1
382 705 -1
387 705 -1
412 705 -1
417 705 -1
427 705 -1
442 705 -1
447 705 -1
467 705 -1
487 705 -1
507 705 -1
517 705 -1
527 705 -1
537 705 -1
547 705 -1
567 705 -1
577 705 -1
582 705 -1
592 705 -1
602 705 -1
612 705 0
617 705 -1
622 705 -1
627 705 -1
632 705 0
637 705 0
642 705 0
647 705 0
652 705 -1
657 705 0
137 710 -1
142 710 -1
147 710 -1
167 710 -1
187 710 -1
202 710 -1
222 710 -1
227 710 -1
262 710 -1
267 710 -1
312 710 -1
347 710 -1
352 710 -1
417 710 -1
447 710 -1
457 710 -1
462 710 -1
467 710 -1
472 710 -1
482 710 -1
512 710 -1
527 710 -1
552 710 -1
562 710 -1
582 710 -1
587 710 -1
602 710 -1
612 710 -1
622 710 -1
637 710 0
642 710 -1
647 710 0
652 710 0
157 715 -1
162 715 -1
172 715 -1
202 715 -1
212 715 -1
222 715 -1
262 715 -1
287 715 -1
297 715 -1
307 715 -1
322 715 -1
332 715 -1
342 715 -1
362 715 -1
367 715 -1
392 715 -1
397 715 -1
417 715 -1
422 715 -1
432 715 -1
457 715 -1
472 715 -1
477 715 -1
482 715 -1
492 715 -1
497 715 -1
517 715 -1
527 715 -1
537 715 -1
547 715 -1
552 715 -1
567 715 -1
577 715 -1
582 715 -1
617 715 -1
622 715 -1
632 715 -1
642 715 -1
652 715 0
142 720 -1
172 720 -1
197 720 -1
227 720 -1
247 720 -1
252 720 -1
272 720 -1
277 720 -1
282 720 -1
287 720 -1
307 720 -1
327 720 -1
342 720 -1
347 720 -1
362 720 -1
372 720 -1
377 720 -1
387 720 -1
407 720 -1
422 720 -1
427 720 -1
467 720 -1
482 720 -1
492 720 -1
532 720 -1
557 720 -1
572 720 -1
582 720 -1
597 720 -1
612 720 -1
622 720 -1
627 720 -1
637 720 0
647 720 -1
652 720 0
657 720 -1
137 725 -1
142 725 -1
157 725 -1
167 725 -1
187 725 -1
207 725 -1
212 725 -1
227 725 -1
247 725 -1
262 725 -1
267 725 -1
282 725 -1
287 725 -1
297 725 -1
322 725 -1
337 725 -1
342 725 -1
347 725 -1
362 725 -1
372 725 -1
382 725 -1
387 725 -1
397 725 -1
402 725 -1
422 725 -1
427 725 -1
442 725 -1
447 725 -1
452 725 -1
482 725 -1
487 725 -1
492 725 -1
532 725 -1
537 725 -1
547 725 -1
557 725 -1
562 725 -1
577 725 -1
592 725 -1
602 725 -1
607 725 -1
612 725 -1
622 725 -1
627 725 0
632 725 -1
637 725 -1
642 725 -1
652 725 -1
657 725 -1
142 730 -1
192 730 -1
202 730 -1
212 730 -1
222 730 -1
227 730 -1
232 730 -1
247 730 -1
272 730 -1
282 730 -1
292 730 -1
297 730 -1
347 730 -1
357 730 -1
377 730 -1
382 730 -1
407 730 -1
422 730 -1
432 730 -1
442 730 -1
482 730 -1
507 730 -1
517 730 -1
527 730 -1
532 730 -1
542 730 -1
547 730 -1
552 730 -1
557 730 -1
582 730 -1
607 730 -1
632 730 0
637 730 0
652 730 0
137 735 -1
177 735 -1
182 735 -1
232 735 -1
247 735 -1
262 735 -1
292 735 -1
312 735 -1
322 735 -1
337 735 -1
342 735 -1
372 735 -1
382 735 -1
387 735 -1
422 735 -1
452 735 -1
457 735 -1
522 735 -1
532 735 -1
537 735 -1
542 735 -1
562 735 -1
572 735 -1
602 735 -1
632 735 -1
637 735 0
652 735 -1
167 740 -1
177 740 -1
222 740 -1
237 740 -1
242 740 -1
252 740 -1
257 740 -1
267 740 -1
312 740 -1
332 740 -1
347 740 -1
372 740 -1
387 740 -1
402 740 -1
412 740 -1
417 740 -1
447 740 -1
457 740 -1
467 740 -1
472 740 -1
502 740 -1
507 740 -1
512 740 -1
517 740 -1
532 740 -1
547 740 -1
552 740 -1
557 740 -1
567 740 -1
582 740 -1
592 740 -1
602 740 -1
607 740 -1
622 740 -1
632 740 -1
642 740 -1
647 740 0
652 740 -1
657 740 0
132 745 -1
147 745 -1
192 745 -1
222 745 -1
237 745 -1
262 745 -1
272 745 -1
312 745 -1
317 745 -1
322 745 -1
327 745 -1
347 745 -1
367 745 -1
397 745 -1
432 745 -1
452 745 -1
457 745 -1
482 745 -1
527 745 -1
547 745 -1
582 745 -1
587 745 -1
597 745 -1
602 745 -1
607 745 -1
612 745 -1
627 745 -1
652 745 -1
657 745 0
132 750 -1
142 750 -1
147 750 -1
152 750 -1
157 750 -1
167 750 -1
202 750 -1
212 750 -1
217 750 -1
227 750 -1
232 750 -1
237 750 -1
242 750 -1
257 750 -1
297 750 -1
307 750 -1
322 750 -1
332 750 -1
352 750 -1
362 750 -1
382 750 -1
397 750 -1
402 750 -1
407 750 -1
422 750 -1
467 750 -1
487 750 -1
502 750 -1
507 750 -1
522 750 -1
527 750 -1
537 750 -1
547 750 -1
557 750 -1
592 750 -1
632 750 -1
647 750 -1
652 750 -1
132 755 -1
152 755 -1
167 755 -1
177 755 -1
182 755 -1
192 755 -1
202 755 -1
217 755 -1
222 755 -1
227 755 -1
237 755 -1
242 755 -1
247 755 -1
252 755 -1
277 755 -1
287 755 -1
297 755 -1
302 755 -1
307 755 -1
312 755 -1
337 755 -1
347 755 -1
362 755 -1
372 755 -1
382 755 -1
392 755 -1
422 755 -1
437 755 -1
442 755 -1
457 755 -1
462 755 -1
487 755 -1
492 755 -1
512 755 -1
517 755 -1
537 755 -1
557 755 -1
587 755 -1
592 755 -1
602 755 -1
622 755 -1
627 755 -1
642 755 -1
647 755 -1
657 755 -1
132 760 -1
142 760 -1
167 760 -1
177 760 -1
207 760 -1
237 760 -1
242 760 -1
262 760 -1
287 760 -1
292 760 -1
297 760 -1
302 760 -1
307 760 -1
317 760 -1
327 760 -1
342 760 -1
352 760 -1
362 760 -1
367 760 -1
387 760 -1
397 760 -1
417 760 -1
427 760 -1
432 760 -1
442 760 -1
467 760 -1
472 760 -1
482 760 -1
487 760 -1
492 760 -1
497 760 -1
502 760 -1
537 760 -1
542 760 -1
547 760 -1
552 760 -1
562 760 -1
572 760 -1
577 760 -1
582 760 -1
587 760 -1
597 760 -1
607 760 -1
637 760 -1
647 760 -1
652 760 -1
132 765 -1
142 765 -1
147 765 -1
157 765 -1
162 765 -1
167 765 -1
192 765 -1
237 765 -1
252 765 -1
267 765 -1
287 765 -1
297 765 -1
307 765 -1
327 765 -1
332 765 -1
357 765 -1
362 765 -1
387 765 -1
392 765 -1
397 765 -1
447 765 -1
492 765 -1
497 765 -1
507 765 -1
517 765 -1
537 765 -1
542 765 -1
547 765 -1
562 765 -1
572 765 -1
582 765 -1
592 765 -1
602 765 -1
612 765 -1
627 765 -1
637 765 -1
647 765 -1
657 765 -1
137 770 -1
142 770 -1
147 770 -1
162 770 -1
202 770 -1
207 770 -1
242 770 -1
247 770 -1
257 770 -1
277 770 -1
282 770 -1
287 770 -1
302 770 -1
322 770 -1
327 770 -1
337 770 -1
342 770 -1
352 770 -1
362 770 -1
372 770 -1
392 770 -1
407 770 -1
417 770 -1
452 770 -1
487 770 -1
492 770 -1
507 770 -1
512 770 -1
532 770 -1
537 770 -1
547 770 -1
567 770 -1
577 770 -1
582 770 -1
617 770 -1
637 770 -1
657 770 -1
132 775 -1
157 775 -1
197 775 -1
232 775 -1
247 775 -1
252 775 -1
292 775 -1
297 775 -1
302 775 -1
307 775 -1
312 775 -1
342 775 -1
347 775 -1
362 775 -1
372 775 -1
377 775 -1
382 775 -1
407 775 -1
412 775 -1
437 775 -1
447 775 -1
452 775 -1
492 775 -1
527 775 -1
547 775 -1
557 775 -1
562 775 -1
572 775 -1
592 775 -1
612 775 -1
622 775 -1
642 775 -1
182 780 -1
192 780 -1
197 780 -1
202 780 -1
217 780 -1
257 780 -1
262 780 -1
272 780 -1
282 780 -1
307 780 -1
332 780 -1
337 780 -1
357 780 -1
362 780 -1
367 780 -1
372 780 -1
377 780 -1
382 780 -1
387 780 -1
397 780 -1
402 780 -1
407 780 -1
412 780 -1
427 780 -1
457 780 -1
477 780 -1
497 780 -1
527 780 -1
532 780 -1
547 780 -1
562 780 -1
592 780 -1
607 780 -1
637 780 -1
132 785 -1
137 785 -1
142 785 -1
147 785 -1
167 785 -1
172 785 -1
177 785 -1
192 785 -1
202 785 -1
207 785 -1
217 785 -1
232 785 -1
247 785 -1
282 785 -1
292 785 -1
307 785 -1
312 785 -1
327 785 -1
337 785 -1
342 785 -1
347 785 -1
352 785 -1
392 785 -1
417 785 -1
452 785 -1
517 785 -1
547 785 -1
557 785 -1
582 785 -1
627 785 -1
632 785 -1
637 785 -1
642 785 -1
162 790 -1
192 790 -1
202 790 -1
207 790 -1
212 790 -1
267 790 -1
292 790 -1
302 790 -1
312 790 -1
317 790 -1
332 790 -1
337 790 -1
367 790 -1
377 790 -1
387 790 -1
457 790 -1
467 790 -1
482 790 -1
492 790 -1
507 790 -1
512 790 -1
547 790 -1
557 790 -1
587 790 -1
592 790 -1
602 790 -1
607 790 -1
612 790 -1
617 790 -1
632 790 -1
637 790 -1
647 790 -1
657 790 -1
137 795 -1
172 795 -1
177 795 -1
182 795 -1
192 795 -1
227 795 -1
237 795 -1
247 795 -1
297 795 -1
322 795 -1
362 795 -1
367 795 -1
372 795 -1
392 795 -1
407 795 -1
412 795 -1
417 795 -1
432 795 -1
442 795 -1
447 795 -1
452 795 -1
462 795 -1
492 795 -1
512 795 -1
517 795 -1
537 795 -1
547 795 -1
562 795 -1
582 795 -1
597 795 -1
602 795 -1
612 795 -1
647 795 -1
652 795 -1
132 800 -1
147 800 -1
152 800 -1
162 800 -1
172 800 -1
177 800 -1
232 800 -1
252 800 -1
257 800 -1
267 800 -1
272 800 -1
297 800 -1
332 800 -1
357 800 -1
382 800 -1
402 800 -1
427 800 -1
432 800 -1
442 800 -1
452 800 -1
492 800 -1
502 800 -1
522 800 -1
527 800 -1
532 800 -1
567 800 -1
582 800 -1
592 800 -1
607 800 -1
627 800 -1
632 800 -1
137 805 -1
147 805 -1
152 805 -1
157 805 -1
162 805 -1
177 805 -1
182 805 -1
187 805 -1
197 805 -1
212 805 -1
227 805 -1
232 805 -1
237 805 -1
252 805 -1
257 805 -1
287 805 -1
292 805 -1
302 805 -1
322 805 -1
332 805 -1
347 805 -1
352 805 -1
377 805 -1
387 805 -1
392 805 -1
402 805 -1
422 805 -1
427 805 -1
432 805 -1
442 805 -1
467 805 -1
472 805 -1
477 805 -1
482 805 -1
507 805 -1
537 805 -1
552 805 -1
577 805 -1
582 805 -1
587 805 -1
617 805 -1
627 805 -1
632 805 -1
637 805 -1
647 805 -1
142 810 -1
152 810 -1
157 810 -1
167 810 -1
202 810 -1
207 810 -1
247 810 -1
257 810 -1
262 810 -1
272 810 -1
282 810 -1
317 810 -1
327 810 -1
357 810 -1
382 810 -1
392 810 -1
422 810 -1
467 810 -1
507 810 -1
512 810 -1
517 810 -1
522 810 -1
552 810 -1
562 810 -1
572 810 -1
582 810 -1
597 810 -1
612 810 -1
627 810 -1
632 810 -1
637 810 -1
647 810 -1
142 815 -1
152 815 -1
192 815 -1
202 815 -1
207 815 -1
222 815 -1
237 815 -1
242 815 -1
257 815 -1
267 815 -1
272 815 -1
322 815 -1
327 815 -1
347 815 -1
352 815 -1
357 815 -1
362 815 -1
367 815 -1
447 815 -1
467 815 -1
477 815 -1
482 815 -1
487 815 -1
497 815 -1
517 815 -1
547 815 -1
552 815 -1
567 815 -1
597 815 -1
602 815 -1
607 815 -1
627 815 -1
632 815 -1
642 815 -1
132 820 -1
152 820 -1
162 820 -1
172 820 -1
207 820 -1
212 820 -1
222 820 -1
267 820 -1
287 820 -1
312 820 -1
322 820 -1
342 820 -1
372 820 -1
387 820 -1
392 820 -1
397 820 -1
422 820 -1
427 820 -1
437 820 -1
442 820 -1
462 820 -1
487 820 -1
502 820 -1
512 820 -1
517 820 -1
522 820 -1
542 820 -1
552 820 -1
557 820 -1
562 820 -1
612 820 -1
617 820 -1
632 820 -1
637 820 -1
652 820 -1
142 825 -1
152 825 -1
172 825 -1
222 825 -1
232 825 -1
247 825 -1
282 825 -1
297 825 -1
302 825 -1
312 825 -1
317 825 -1
337 825 -1
342 825 -1
352 825 -1
357 825 -1
362 825 -1
367 825 -1
382 825 -1
402 825 -1
412 825 -1
417 825 -1
442 825 -1
457 825 -1
467 825 -1
492 825 -1
497 825 -1
502 825 -1
532 825 -1
542 825 -1
547 825 -1
562 825 -1
577 825 -1
592 825 -1
602 825 -1
627 825 -1
632 825 -1
642 825 -1
647 825 -1
657 825 -1
132 830 -1
152 830 -1
157 830 -1
162 830 -1
187 830 -1
197 830 -1
207 830 -1
222 830 -1
247 830 -1
277 830 -1
282 830 -1
302 830 -1
307 830 -1
312 830 -1
327 830 -1
342 830 -1
362 830 -1
387 830 -1
417 830 -1
432 830 -1
452 830 -1
462 830 -1
477 830 -1
487 830 -1
497 830 -1
517 830 -1
537 830 -1
562 830 -1
567 830 -1
582 830 -1
602 830 -1
637 830 -1
642 830 -1
657 830 -1
142 835 -1
162 835 -1
172 835 -1
202 835 -1
242 835 -1
297 835 -1
352 835 -1
362 835 -1
387 835 -1
417 835 -1
422 835 -1
432 835 -1
457 835 -1
477 835 -1
487 835 -1
507 835 -1
512 835 -1
517 835 -1
522 835 -1
532 835 -1
537 835 -1
542 835 -1
547 835 -1
552 835 -1
577 835 -1
587 835 -1
592 835 -1
622 835 -1
657 835 -1
132 840 -1
142 840 -1
152 840 -1
177 840 -1
182 840 -1
187 840 -1
227 840 -1
257 840 -1
267 840 -1
272 840 -1
282 840 -1
322 840 -1
342 840 -1
352 840 -1
372 840 -1
382 840 -1
387 840 -1
397 840 -1
407 840 -1
412 840 -1
422 840 -1
432 840 -1
442 840 -1
467 840 -1
477 840 -1
492 840 -1
507 840 -1
512 840 -1
517 840 -1
522 840 -1
542 840 -1
557 840 -1
592 840 -1
627 840 -1
647 840 -1
137 845 -1
147 845 -1
152 845 -1
162 845 -1
182 845 -1
202 845 -1
207 845 -1
222 845 -1
227 845 -1
247 845 -1
297 845 -1
322 845 -1
332 845 -1
337 845 -1
357 845 -1
392 845 -1
412 845 -1
417 845 -1
457 845 -1
462 845 -1
487 845 -1
507 845 -1
527 845 -1
547 845 -1
557 845 -1
562 845 -1
572 845 -1
577 845 -1
582 845 -1
592 845 -1
627 845 -1
637 845 -1
652 845 -1
657 845 -1
137 850 -1
147 850 -1
202 850 -1
222 850 -1
232 850 -1
247 850 -1
252 850 -1
307 850 -1
312 850 -1
317 850 -1
322 850 -1
337 850 -1
347 850 -1
357 850 -1
367 850 -1
397 850 -1
422 850 -1
427 850 -1
437 850 -1
447 850 -1
462 850 -1
467 850 -1
472 850 -1
482 850 -1
502 850 -1
507 850 -1
547 850 -1
572 850 -1
582 850 -1
597 850 -1
607 850 -1
612 850 -1
622 850 -1
627 850 -1
632 850 -1
637 850 -1
647 850 -1
652 850 -1
137 855 -1
197 855 -1
217 855 -1
227 855 -1
237 855 -1
247 855 -1
262 855 -1
272 855 -1
277 855 -1
287 855 -1
307 855 -1
312 855 -1
317 855 -1
322 855 -1
337 855 -1
352 855 -1
357 855 -1
377 855 -1
402 855 -1
427 855 -1
437 855 -1
457 855 -1
467 855 -1
472 855 -1
477 855 -1
482 855 -1
502 855 -1
522 855 -1
542 855 -1
547 855 -1
557 855 -1
562 855 -1
577 855 -1
592 855 -1
597 855 -1
602 855 -1
627 855 -1
637 855 -1
642 855 -1
647 855 -1
652 855 -1
147 860 -1
157 860 -1
167 860 -1
172 860 -1
182 860 -1
187 860 -1
192 860 -1
202 860 -1
217 860 -1
227 860 -1
232 860 -1
237 860 -1
247 860 -1
302 860 -1
322 860 -1
327 860 -1
372 860 -1
377 860 -1
387 860 -1
397 860 -1
402 860 -1
412 860 -1
417 860 -1
422 860 -1
437 860 -1
442 860 -1
452 860 -1
472 860 -1
482 860 -1
507 860 -1
517 860 -1
522 860 -1
527 860 -1
532 860 -1
542 860 -1
572 860 -1
592 860 -1
602 860 -1
617 860 -1
637 860 -1
652 860 -1
657 860 -1
132 865 -1
147 865 -1
172 865 -1
177 865 -1
182 865 -1
187 865 -1
207 865 -1
212 865 -1
252 865 -1
262 865 -1
282 865 -1
292 865 -1
302 865 -1
312 865 -1
327 865 -1
332 865 -1
347 865 -1
357 865 -1
362 865 -1
377 865 -1
382 865 -1
412 865 -1
417 865 -1
427 865 -1
432 865 -1
442 865 -1
462 865 -1
477 865 -1
487 865 -1
492 865 -1
497 865 -1
512 865 -1
532 865 -1
537 865 -1
547 865 -1
552 865 -1
562 865 -1
597 865 -1
632 865 -1
652 865 -1
142 870 -1
147 870 -1
157 870 -1
162 870 -1
167 870 -1
172 870 -1
187 870 -1
192 870 -1
217 870 -1
242 870 -1
262 870 -1
267 870 -1
272 870 -1
277 870 -1
292 870 -1
312 870 -1
332 870 -1
337 870 -1
362 870 -1
382 870 -1
407 870 -1
412 870 -1
427 870 -1
437 870 -1
457 870 -1
462 870 -1
467 870 -1
477 870 -1
482 870 -1
492 870 -1
507 870 -1
512 870 -1
527 870 -1
537 870 -1
552 870 -1
567 870 -1
572 870 -1
582 870 -1
587 870 -1
592 870 -1
597 870 -1
632 870 -1
642 870 -1
652 870 -1
137 875 -1
152 875 -1
157 875 -1
162 875 -1
172 875 -1
177 875 -1
187 875 -1
197 875 -1
222 875 -1
237 875 -1
242 875 -1
267 875 -1
272 875 -1
277 875 -1
292 875 -1
302 875 -1
312 875 -1
317 875 -1
322 875 -1
337 875 -1
347 875 -1
362 875 -1
397 875 -1
407 875 -1
412 875 -1
427 875 -1
432 875 -1
447 875 -1
452 875 -1
472 875 -1
512 875 -1
522 875 -1
527 875 -1
547 875 -1
552 875 -1
577 875 -1
587 875 -1
592 875 -1
612 875 -1
622 875 -1
637 875 -1
642 875 -1
147 880 -1
157 880 -1
182 880 -1
187 880 -1
197 880 -1
202 880 -1
207 880 -1
212 880 -1
217 880 -1
222 880 -1
262 880 -1
272 880 -1
292 880 -1
312 880 -1
317 880 -1
327 880 -1
352 880 -1
357 880 -1
367 880 -1
387 880 -1
392 880 -1
422 880 -1
442 880 -1
452 880 -1
457 880 -1
477 880 -1
482 880 -1
517 880 -1
537 880 -1
542 880 -1
547 880 -1
562 880 -1
567 880 -1
577 880 -1
587 880 -1
592 880 -1
597 880 -1
622 880 -1
637 880 -1
642 880 -1
647 880 -1
652 880 -1
657 880 -1
132 885 -1
137 885 -1
142 885 -1
147 885 -1
152 885 -1
167 885 -1
187 885 -1
212 885 -1
217 885 -1
222 885 -1
237 885 -1
257 885 -1
262 885 -1
272 885 -1
282 885 -1
287 885 -1
292 885 -1
297 885 -1
312 885 -1
317 885 -1
327 885 -1
347 885 -1
367 885 -1
382 885 -1
392 885 -1
407 885 -1
432 885 -1
447 885 -1
457 885 -1
462 885 -1
467 885 -1
502 885 -1
507 885 -1
527 885 -1
542 885 -1
552 885 -1
577 885 -1
587 885 -1
607 885 -1
617 885 -1
647 885 -1
162 890 -1
172 890 -1
177 890 -1
197 890 -1
202 890 -1
207 890 -1
222 890 -1
247 890 -1
272 890 -1
282 890 -1
297 890 -1
302 890 -1
322 890 -1
332 890 -1
347 890 -1
352 890 -1
357 890 -1
367 890 -1
372 890 -1
392 890 -1
412 890 -1
432 890 -1
457 890 -1
482 890 -1
487 890 -1
507 890 -1
512 890 -1
517 890 -1
527 890 -1
572 890 -1
577 890 -1
587 890 -1
602 890 -1
632 890 -1
637 890 -1
642 890 -1
647 890 -1
652 890 -1
142 895 -1
157 895 -1
162 895 -1
182 895 -1
242 895 -1
247 895 -1
262 895 -1
272 895 -1
282 895 -1
297 895 -1
337 895 -1
362 895 -1
377 895 -1
382 895 -1
397 895 -1
402 895 -1
452 895 -1
457 895 -1
472 895 -1
477 895 -1
497 895 -1
507 895 -1
527 895 -1
532 895 -1
562 895 -1
567 895 -1
577 895 -1
597 895 -1
607 895 -1
612 895 -1
622 895 -1
627 895 -1
647 895 -1
132 900 -1
137 900 -1
147 900 -1
152 900 -1
187 900 -1
192 900 -1
197 900 -1
207 900 -1
222 900 -1
232 900 -1
247 900 -1
262 900 -1
302 900 -1
312 900 -1
327 900 -1
372 900 -1
402 900 -1
417 900 -1
442 900 -1
447 900 -1
472 900 -1
492 900 -1
497 900 -1
522 900 -1
537 900 -1
547 900 -1
557 900 -1
562 900 -1
587 900 -1
592 900 -1
602 900 -1
642 900 -1
647 900 -1
652 900 -1
152 905 -1
167 905 -1
182 905 -1
202 905 -1
227 905 -1
232 905 -1
252 905 -1
257 905 -1
272 905 -1
287 905 -1
327 905 -1
352 905 -1
372 905 -1
377 905 -1
407 905 -1
412 905 -1
447 905 -1
462 905 -1
492 905 -1
502 905 -1
507 905 -1
517 905 -1
522 905 -1
527 905 -1
552 905 -1
567 905 -1
587 905 -1
602 905 -1
627 905 -1
637 905 -1
152 910 -1
197 910 -1
217 910 -1
232 910 -1
247 910 -1
292 910 -1
307 910 -1
327 910 -1
352 910 -1
357 910 -1
372 910 -1
377 910 -1
382 910 -1
422 910 -1
452 910 -1
462 910 -1
487 910 -1
492 910 -1
507 910 -1
512 910 -1
527 910 -1
537 910 -1
542 910 -1
562 910 -1
572 910 -1
582 910 -1
587 910 -1
592 910 -1
617 910 -1
627 910 -1
632 910 -1
642 910 -1
657 910 -1
132 915 -1
157 915 -1
167 915 -1
182 915 -1
187 915 -1
197 915 -1
207 915 -1
232 915 -1
247 915 -1
267 915 -1
272 915 -1
282 915 -1
312 915 -1
322 915 -1
327 915 -1
372 915 -1
377 915 -1
387 915 -1
397 915 -1
427 915 -1
447 915 -1
462 915 -1
472 915 -1
507 915 -1
512 915 -1
532 915 -1
537 915 -1
592 915 -1
597 915 -1
612 915 -1
617 915 -1
622 915 -1
642 915 -1
647 915 -1
137 920 -1
157 920 -1
167 920 -1
172 920 -1
192 920 -1
202 920 -1
217 920 -1
252 920 -1
257 920 -1
277 920 -1
282 920 -1
287 920 -1
322 920 -1
332 920 -1
342 920 -1
347 920 -1
362 920 -1
372 920 -1
387 920 -1
402 920 -1
412 920 -1
427 920 -1
462 920 -1
472 920 -1
507 920 -1
512 920 -1
522 920 -1
532 920 -1
547 920 -1
562 920 -1
567 920 -1
592 920 -1
612 920 -1
622 920 -1
632 920 -1
642 920 -1
647 920 -1
132 925 -1
147 925 -1
157 925 -1
162 925 -1
177 925 -1
212 925 -1
227 925 -1
242 925 -1
247 925 -1
252 925 -1
257 925 -1
262 925 -1
272 925 -1
277 925 -1
282 925 -1
287 925 -1
297 925 -1
307 925 -1
327 925 -1
377 925 -1
407 925 -1
412 925 -1
427 925 -1
467 925 -1
482 925 -1
487 925 -1
502 925 -1
542 925 -1
567 925 -1
587 925 -1
592 925 -1
602 925 -1
607 925 -1
612 925 -1
622 925 -1
627 925 -1
647 925 -1
137 930 -1
142 930 -1
157 930 -1
162 930 -1
172 930 -1
182 930 -1
192 930 -1
222 930 -1
237 930 -1
242 930 -1
262 930 -1
282 930 -1
297 930 -1
302 930 -1
322 930 -1
342 930 -1
352 930 -1
382 930 -1
402 930 -1
412 930 -1
447 930 -1
452 930 -1
457 930 -1
462 930 -1
477 930 -1
487 930 -1
492 930 -1
497 930 -1
532 930 -1
552 930 -1
557 930 -1
567 930 -1
577 930 -1
632 930 -1
647 930 -1
137 935 -1
142 935 -1
147 935 -1
157 935 -1
187 935 -1
197 935 -1
202 935 -1
207 935 -1
222 935 -1
227 935 -1
262 935 -1
272 935 -1
277 935 -1
292 935 -1
302 935 -1
347 935 -1
357 935 -1
367 935 -1
382 935 -1
387 935 -1
392 935 -1
407 935 -1
412 935 -1
437 935 -1
452 935 -1
457 935 -1
472 935 -1
482 935 -1
507 935 -1
512 935 -1
542 935 -1
562 935 -1
567 935 -1
587 935 -1
602 935 -1
612 935 -1
627 935 -1
647 935 -1
137 940 -1
142 940 -1
182 940 -1
187 940 -1
207 940 -1
222 940 -1
242 940 -1
252 940 -1
272 940 -1
277 940 -1
307 940 -1
327 940 -1
332 940 -1
367 940 -1
372 940 -1
377 940 -1
382 940 -1
392 940 -1
397 940 -1
402 940 -1
412 940 -1
437 940 -1
442 940 -1
492 940 -1
497 940 -1
527 940 -1
542 940 -1
562 940 -1
567 940 -1
577 940 -1
582 940 -1
597 940 -1
622 940 -1
642 940 -1
647 940 -1
137 945 -1
142 945 -1
167 945 -1
182 945 -1
202 945 -1
227 945 -1
232 945 -1
242 945 -1
277 945 -1
282 945 -1
302 945 -1
312 945 -1
327 945 -1
347 945 -1
357 945 -1
362 945 -1
377 945 -1
382 945 -1
387 945 -1
392 945 -1
402 945 -1
407 945 -1
412 945 -1
422 945 -1
447 945 -1
452 945 -1
467 945 -1
502 945 -1
512 945 -1
527 945 -1
537 945 -1
547 945 -1
567 945 -1
572 945 -1
577 945 -1
597 945 -1
607 945 -1
612 945 -1
622 945 -1
632 945 -1
647 945 -1
137 950 -1
147 950 -1
172 950 -1
192 950 -1
197 950 -1
212 950 -1
257 950 -1
322 950 -1
342 950 -1
372 950 -1
377 950 -1
407 950 -1
422 950 -1
427 950 -1
442 950 -1
462 950 -1
492 950 -1
507 950 -1
527 950 -1
532 950 -1
537 950 -1
542 950 -1
557 950 -1
562 950 -1
582 950 -1
617 950 -1
632 950 -1
647 950 -1
132 955 -1
142 955 -1
192 955 -1
202 955 -1
207 955 -1
242 955 -1
252 955 -1
257 955 -1
287 955 -1
297 955 -1
312 955 -1
327 955 -1
347 955 -1
352 955 -1
377 955 -1
402 955 -1
412 955 -1
417 955 -1
432 955 -1
437 955 -1
457 955 -1
467 955 -1
487 955 -1
527 955 -1
532 955 -1
547 955 -1
552 955 -1
562 955 -1
567 955 -1
577 955 -1
592 955 -1
597 955 -1
607 955 -1
617 955 -1
622 955 -1
137 960 -1
142 960 -1
152 960 -1
192 960 -1
232 960 -1
247 960 -1
257 960 -1
282 960 -1
287 960 -1
292 960 -1
317 960 -1
352 960 -1
377 960 -1
382 960 -1
392 960 -1
437 960 -1
442 960 -1
457 960 -1
477 960 -1
482 960 -1
487 960 -1
492 960 -1
497 960 -1
507 960 -1
512 960 -1
522 960 -1
552 960 -1
557 960 -1
582 960 -1
597 960 -1
602 960 -1
637 960 -1
